1	2	DTCORR	DTCORR	0	0.05025	0
1	2	DTCORR	DTCORR	2	0.04025	1
1	2	DTCORR	DTCORR	4	0.04825	0.894004
1	2	DTCORR	DTCORR	6	0.04125	0.903253
1	2	DTCORR	DTCORR	8	0.03025	0.907425
1	2	DTCORR	DTCORR	10	0.02325	0.891709
1	2	DTCORR	DTCORR	12	0.01925	0.888672
1	2	DTCORR	DTCORR	14	0.01625	0.885737
1	2	DTCORR	DTCORR	16	0.01425	0.899139
1	2	DTCORR	DTCORR	18	0.01275	0.919746
1	2	DTCORR	DTCORR	20	0.01125	0.899503
1	2	DTCORR	DTCORR	22	0.01025	0.912278
1	2	DTCORR	DTCORR	24	0.00975	0.931447
1	2	DTCORR	DTCORR	26	0.00875	0.896982
1	2	DTCORR	DTCORR	28	0.00825	0.919123
1	2	DTCORR	DTCORR	30	0.00775	0.932064
1	2	DTCORR	DTCORR	32	0.00725	0.934571
1	2	DTCORR	DTCORR	34	0.00675	0.922067
1	2	DTCORR	DTCORR	36	0.00625	0.894056
1	2	DTCORR	DTCORR	38	0.00575	0.848413
1	2	DTCORR	DTCORR	40	0.00575	0.930789
1	2	DTCORR	DTCORR	42	0.00525	0.870234
1	2	DTCORR	DTCORR	44	0.00525	0.937151
1	2	DTCORR	DTCORR	46	0.00475	0.866612
1	2	DTCORR	DTCORR	48	0.00475	0.926654
1	2	DTCORR	DTCORR	50	0.00475	0.961063
1	2	DTCORR	DTCORR	52	0.00425	0.893561
1	2	DTCORR	DTCORR	54	0.00425	0.937068
1	2	DTCORR	DTCORR	56	0.00425	0.965403
1	2	DTCORR	DTCORR	58	0.00375	0.871625
1	2	DTCORR	DTCORR	60	0.00375	0.920315
1	2	DTCORR	DTCORR	62	0.00375	0.950643
1	2	DTCORR	DTCORR	64	0.00375	0.964694
1	2	DTCORR	DTCORR	66	0.00325	0.857562
1	2	DTCORR	DTCORR	68	0.00325	0.903108
1	2	DTCORR	DTCORR	70	0.00325	0.935287
1	2	DTCORR	DTCORR	72	0.00325	0.957892
1	2	DTCORR	DTCORR	74	0.00325	0.968766
1	2	DTCORR	DTCORR	76	0.00275	0.824772
1	2	DTCORR	DTCORR	78	0.00275	0.87562
1	2	DTCORR	DTCORR	80	0.00275	0.907514
1	2	DTCORR	DTCORR	82	0.00275	0.933434
1	2	DTCORR	DTCORR	84	0.00275	0.951104
1	2	DTCORR	DTCORR	86	0.00275	0.959742
1	2	DTCORR	DTCORR	88	0.00275	0.973048
1	2	DTCORR	DTCORR	90	0.00275	0.974201
1	2	DTCORR	DTCORR	92	0.00275	0.976565
1	2	DTCORR	DTCORR	94	0.00225	0.860616
1	2	DTCORR	DTCORR	96	0.00225	0.894692
1	2	DTCORR	DTCORR	98	0.00225	0.913359
1	2	DTCORR	DTCORR	100	0.00225	0.936809
1	2	DTCORR	DTCORR	102	0.00225	0.947393
1	2	DTCORR	DTCORR	104	0.00225	0.958743
1	2	DTCORR	DTCORR	106	0.00225	0.96406
1	2	DTCORR	DTCORR	108	0.00225	0.970106
1	2	DTCORR	DTCORR	110	0.00225	0.97242
1	2	DTCORR	DTCORR	112	0.00225	0.975851
1	2	DTCORR	DTCORR	114	0.00225	0.977092
1	2	DTCORR	DTCORR	116	0.00175	0.826334
1	2	DTCORR	DTCORR	118	0.00175	0.855362
1	2	DTCORR	DTIN	0	0.05025	0
1	2	DTCORR	DTIN	2	0.05025	0
1	2	DTCORR	DTIN	4	0.04725	0.909804
1	2	DTCORR	DTIN	6	0.03675	0.891892
1	2	DTCORR	DTIN	8	0.02625	0.910628
1	2	DTCORR	DTIN	10	0.02025	0.891134
1	2	DTCORR	DTIN	12	0.01675	0.907195
1	2	DTCORR	DTIN	14	0.01425	0.922601
1	2	DTCORR	DTIN	16	0.01225	0.90146
1	2	DTCORR	DTIN	18	0.01075	0.882849
1	2	DTCORR	DTIN	20	0.00975	0.874776
1	2	DTCORR	DTIN	22	0.00925	0.927273
1	2	DTCORR	DTIN	24	0.00825	0.907216
1	2	DTCORR	DTIN	26	0.00775	0.926731
1	2	DTCORR	DTIN	28	0.00725	0.933389
1	2	DTCORR	DTIN	30	0.00675	0.931604
1	2	DTCORR	DTIN	32	0.00625	0.92486
1	2	DTCORR	DTIN	34	0.00575	0.90184
1	2	DTCORR	DTIN	36	0.00525	0.871091
1	2	DTCORR	DTIN	38	0.00525	0.916793
1	2	DTCORR	DTIN	40	0.00525	0.939052
1	2	DTCORR	DTIN	42	0.00475	0.930781
1	2	DTCORR	DTIN	44	0.00475	0.946508
1	2	DTCORR	DTIN	46	0.00425	0.913344
1	2	DTCORR	DTIN	48	0.00425	0.949555
1	2	DTCORR	DTIN	50	0.00375	0.880481
1	2	DTCORR	DTIN	52	0.00375	0.92406
1	2	DTCORR	DTIN	54	0.00375	0.935813
1	2	DTCORR	DTIN	56	0.00375	0.9578
1	2	DTCORR	DTIN	58	0.00325	0.883346
1	2	DTCORR	DTIN	60	0.00325	0.930636
1	2	DTCORR	DTIN	62	0.00325	0.934636
1	2	DTCORR	DTIN	64	0.00325	0.937151
1	2	DTCORR	DTIN	66	0.00325	0.946375
1	2	DTCORR	DTIN	68	0.00275	0.885364
1	2	DTCORR	DTIN	70	0.00275	0.92389
1	2	DTCORR	DTIN	72	0.00275	0.941221
1	2	DTCORR	DTIN	74	0.00275	0.923191
1	2	DTCORR	DTIN	76	0.00275	0.946915
1	2	DTCORR	DTIN	78	0.00275	0.952617
1	2	DTCORR	DTIN	80	0.00225	0.856223
1	2	DTCORR	DTIN	82	0.00275	0.935438
1	2	DTCORR	DTIN	84	0.00225	0.909625
1	2	DTCORR	DTIN	86	0.00225	0.925665
1	2	DTCORR	DTIN	88	0.00225	0.920863
1	2	DTCORR	DTIN	90	0.00225	0.929073
1	2	DTCORR	DTIN	92	0.00225	0.93422
1	2	DTCORR	DTIN	94	0.00225	0.933431
1	2	DTCORR	DTIN	96	0.00225	0.941347
1	2	DTCORR	DTIN	98	0.00225	0.938406
1	2	DTCORR	DTIN	100	0.00225	0.940559
1	2	DTCORR	DTIN	102	0.00175	0.876732
1	2	DTCORR	DTIN	104	0.00175	0.88377
1	2	DTCORR	DTIN	106	0.00175	0.89154
1	2	DTCORR	DTIN	108	0.00175	0.911498
1	2	DTCORR	DTIN	110	0.00175	0.899721
1	2	DTCORR	DTIN	112	0.00175	0.920534
1	2	DTCORR	DTIN	114	0.00175	0.917012
1	2	DTCORR	DTIN	116	0.00175	0.915094
1	2	DTCORR	DTIN	118	0.00175	0.923023
1	2	DTCORR	DTOUT	0	0.05025	0
1	2	DTCORR	DTOUT	2	0.05025	0
1	2	DTCORR	DTOUT	4	0.04825	0.890625
1	2	DTCORR	DTOUT	6	0.04425	0.902632
1	2	DTCORR	DTOUT	8	0.03225	0.898077
1	2	DTCORR	DTOUT	10	0.02525	0.89675
1	2	DTCORR	DTOUT	12	0.02125	0.911602
1	2	DTCORR	DTOUT	14	0.01825	0.916667
1	2	DTCORR	DTOUT	16	0.01575	0.919105
1	2	DTCORR	DTOUT	18	0.01375	0.882353
1	2	DTCORR	DTOUT	20	0.01275	0.932203
1	2	DTCORR	DTOUT	22	0.01125	0.904552
1	2	DTCORR	DTOUT	24	0.01025	0.894419
1	2	DTCORR	DTOUT	26	0.00975	0.890769
1	2	DTCORR	DTOUT	28	0.00925	0.932867
1	2	DTCORR	DTOUT	30	0.00875	0.934097
1	2	DTCORR	DTOUT	32	0.00775	0.891396
1	2	DTCORR	DTOUT	34	0.00725	0.878285
1	2	DTCORR	DTOUT	36	0.00725	0.941423
1	2	DTCORR	DTOUT	38	0.00675	0.917483
1	2	DTCORR	DTOUT	40	0.00625	0.915888
1	2	DTCORR	DTOUT	42	0.00625	0.934593
1	2	DTCORR	DTOUT	44	0.00575	0.919656
1	2	DTCORR	DTOUT	46	0.00525	0.855114
1	2	DTCORR	DTOUT	48	0.00525	0.925872
1	2	DTCORR	DTOUT	50	0.00525	0.938974
1	2	DTCORR	DTOUT	52	0.00475	0.895115
1	2	DTCORR	DTOUT	54	0.00475	0.921918
1	2	DTCORR	DTOUT	56	0.00475	0.944523
1	2	DTCORR	DTOUT	58	0.00425	0.887143
1	2	DTCORR	DTOUT	60	0.00425	0.929987
1	2	DTCORR	DTOUT	62	0.00425	0.945792
1	2	DTCORR	DTOUT	64	0.00375	0.86399
1	2	DTCORR	DTOUT	66	0.00375	0.913907
1	2	DTCORR	DTOUT	68	0.00375	0.936115
1	2	DTCORR	DTOUT	70	0.00375	0.925831
1	2	DTCORR	DTOUT	72	0.00375	0.950336
1	2	DTCORR	DTOUT	74	0.00325	0.878581
1	2	DTCORR	DTOUT	76	0.00325	0.903485
1	2	DTCORR	DTOUT	78	0.00325	0.929539
1	2	DTCORR	DTOUT	80	0.00325	0.920391
1	2	DTCORR	DTOUT	82	0.00325	0.936691
1	2	DTCORR	DTOUT	84	0.00325	0.936115
1	2	DTCORR	DTOUT	86	0.00325	0.922535
1	2	DTCORR	DTOUT	88	0.00275	0.877437
1	2	DTCORR	DTOUT	90	0.00275	0.907792
1	2	DTCORR	DTOUT	92	0.00275	0.934726
1	2	DTCORR	DTOUT	94	0.00275	0.93073
1	2	DTCORR	DTOUT	96	0.00275	0.921519
1	2	DTCORR	DTOUT	98	0.00275	0.934037
1	2	DTCORR	DTOUT	100	0.00275	0.938257
1	2	DTCORR	DTOUT	102	0.00275	0.939633
1	2	DTCORR	DTOUT	104	0.00225	0.888742
1	2	DTCORR	DTOUT	106	0.00225	0.889037
1	2	DTCORR	DTOUT	108	0.00225	0.897698
1	2	DTCORR	DTOUT	110	0.00225	0.916773
1	2	DTCORR	DTOUT	112	0.00225	0.909887
1	2	DTCORR	DTOUT	114	0.00225	0.909704
1	2	DTCORR	DTOUT	116	0.00225	0.91519
1	2	DTCORR	DTOUT	118	0.00225	0.949591
1	2	DTIN	DTCORR	0	0.05025	0
1	2	DTIN	DTCORR	2	0.05025	0
1	2	DTIN	DTCORR	4	0.04875	0.875
1	2	DTIN	DTCORR	6	0.04425	0.896296
1	2	DTIN	DTCORR	8	0.03425	0.897638
1	2	DTIN	DTCORR	10	0.02775	0.912023
1	2	DTIN	DTCORR	12	0.02175	0.905405
1	2	DTIN	DTCORR	14	0.01925	0.899824
1	2	DTIN	DTCORR	16	0.01675	0.894811
1	2	DTIN	DTCORR	18	0.01475	0.91366
1	2	DTIN	DTCORR	20	0.01325	0.926708
1	2	DTIN	DTCORR	22	0.01175	0.893567
1	2	DTIN	DTCORR	24	0.01075	0.891304
1	2	DTIN	DTCORR	26	0.01025	0.931412
1	2	DTIN	DTCORR	28	0.00975	0.931104
1	2	DTIN	DTCORR	30	0.00875	0.88465
1	2	DTIN	DTCORR	32	0.00825	0.882456
1	2	DTIN	DTCORR	34	0.00775	0.880176
1	2	DTIN	DTCORR	36	0.00725	0.873147
1	2	DTIN	DTCORR	38	0.00725	0.914137
1	2	DTIN	DTCORR	40	0.00675	0.897375
1	2	DTIN	DTCORR	42	0.00625	0.877816
1	2	DTIN	DTCORR	44	0.00625	0.910112
1	2	DTIN	DTCORR	46	0.00575	0.86733
1	2	DTIN	DTCORR	48	0.00575	0.915049
1	2	DTIN	DTCORR	50	0.00575	0.941413
1	2	DTIN	DTCORR	52	0.00525	0.894231
1	2	DTIN	DTCORR	54	0.00525	0.94244
1	2	DTIN	DTCORR	56	0.00525	0.925471
1	2	DTIN	DTCORR	58	0.00475	0.921136
1	2	DTIN	DTCORR	60	0.00475	0.923256
1	2	DTIN	DTCORR	62	0.00475	0.930435
1	2	DTIN	DTCORR	64	0.00425	0.902568
1	2	DTIN	DTCORR	66	0.00425	0.914068
1	2	DTIN	DTCORR	68	0.00425	0.932283
1	2	DTIN	DTCORR	70	0.00375	0.866972
1	2	DTIN	DTCORR	72	0.00375	0.89357
1	2	DTIN	DTCORR	74	0.00375	0.912177
1	2	DTIN	DTCORR	76	0.00375	0.924597
1	2	DTIN	DTCORR	78	0.00375	0.917548
1	2	DTIN	DTCORR	80	0.00375	0.926864
1	2	DTIN	DTCORR	82	0.00325	0.873547
1	2	DTIN	DTCORR	84	0.00325	0.897113
1	2	DTIN	DTCORR	86	0.00325	0.896123
1	2	DTIN	DTCORR	88	0.00325	0.908425
1	2	DTIN	DTCORR	90	0.00325	0.90625
1	2	DTIN	DTCORR	92	0.00325	0.927746
1	2	DTIN	DTCORR	94	0.00325	0.928068
1	2	DTIN	DTCORR	96	0.00325	0.932
1	2	DTIN	DTCORR	98	0.00275	0.875772
1	2	DTIN	DTCORR	100	0.00275	0.892481
1	2	DTIN	DTCORR	102	0.00275	0.895731
1	2	DTIN	DTCORR	104	0.00275	0.907744
1	2	DTIN	DTCORR	106	0.00275	0.914345
1	2	DTIN	DTCORR	108	0.00275	0.908226
1	2	DTIN	DTCORR	110	0.00275	0.924595
1	2	DTIN	DTCORR	112	0.00275	0.920778
1	2	DTIN	DTCORR	114	0.00275	0.919749
1	2	DTIN	DTCORR	116	0.00275	0.916213
1	2	DTIN	DTCORR	118	0.00275	0.921016
1	2	DTIN	DTIN	0	0.05025	0
1	2	DTIN	DTIN	2	0.05025	0
1	2	DTIN	DTIN	4	0.04925	1
1	2	DTIN	DTIN	6	0.04525	0.925926
1	2	DTIN	DTIN	8	0.03225	0.888889
1	2	DTIN	DTIN	10	0.02275	0.910714
1	2	DTIN	DTIN	12	0.01975	0.905405
1	2	DTIN	DTIN	14	0.01625	0.88
1	2	DTIN	DTIN	16	0.01425	0.920792
1	2	DTIN	DTIN	18	0.01275	0.929412
1	2	DTIN	DTIN	20	0.01175	0.892562
1	2	DTIN	DTIN	22	0.01025	0.907563
1	2	DTIN	DTIN	24	0.00975	0.891304
1	2	DTIN	DTIN	26	0.00875	0.918699
1	2	DTIN	DTIN	28	0.00825	0.900826
1	2	DTIN	DTIN	30	0.00825	0.917355
1	2	DTIN	DTIN	32	0.00775	0.901639
1	2	DTIN	DTIN	34	0.00675	0.851852
1	2	DTIN	DTIN	36	0.00625	0.884298
1	2	DTIN	DTIN	38	0.00625	0.913043
1	2	DTIN	DTIN	40	0.00625	0.897436
1	2	DTIN	DTIN	42	0.00575	0.920635
1	2	DTIN	DTIN	44	0.00575	0.899371
1	2	DTIN	DTIN	46	0.00525	0.894737
1	2	DTIN	DTIN	48	0.00475	0.864407
1	2	DTIN	DTIN	50	0.00475	0.886364
1	2	DTIN	DTIN	52	0.00475	0.931507
1	2	DTIN	DTIN	54	0.00475	0.933824
1	2	DTIN	DTIN	56	0.00475	0.926829
1	2	DTIN	DTIN	58	0.00425	0.925
1	2	DTIN	DTIN	60	0.00425	0.92
1	2	DTIN	DTIN	62	0.00425	0.911565
1	2	DTIN	DTIN	64	0.00375	0.919463
1	2	DTIN	DTIN	66	0.00475	0.900763
1	2	DTIN	DTIN	68	0.00625	0.896825
1	2	DTIN	DTIN	70	0.00525	0.892308
1	2	DTIN	DTIN	72	0.00375	0.918919
1	2	DTIN	DTIN	74	0.00675	0.892857
1	2	DTIN	DTIN	76	0.00325	0.905172
1	2	DTIN	DTIN	78	0.00525	0.907563
1	2	DTIN	DTIN	80	0.00475	0.901961
1	2	DTIN	DTIN	82	0.00425	0.89726
1	2	DTIN	DTIN	84	0.00325	0.91791
1	2	DTIN	DTIN	86	0.00325	0.901408
1	2	DTIN	DTIN	88	0.00275	0.885496
1	2	DTIN	DTIN	90	0.00275	0.939394
1	2	DTIN	DTIN	92	0.00325	0.896552
1	2	DTIN	DTIN	94	0.00325	0.901408
1	2	DTIN	DTIN	96	0.00425	0.903226
1	2	DTIN	DTIN	98	0.00525	0.9
1	2	DTIN	DTIN	100	0.00275	0.92053
1	2	DTIN	DTIN	102	0.00325	0.900763
1	2	DTIN	DTIN	104	0.00475	0.89404
1	2	DTIN	DTIN	106	0.00225	0.89172
1	2	DTIN	DTIN	108	0.00425	0.897436
1	2	DTIN	DTIN	110	0.00225	0.895522
1	2	DTIN	DTIN	112	0.00925	0.902256
1	2	DTIN	DTIN	114	0.00325	0.899408
1	2	DTIN	DTIN	116	0.00375	0.901316
1	2	DTIN	DTIN	118	0.00375	0.902597
1	2	DTIN	DTOUT	0	0.05025	0
1	2	DTIN	DTOUT	2	0.05025	0
1	2	DTIN	DTOUT	4	0.04675	1
1	2	DTIN	DTOUT	6	0.04325	0.888889
1	2	DTIN	DTOUT	8	0.03775	0.8
1	2	DTIN	DTOUT	10	0.03175	0.857143
1	2	DTIN	DTOUT	12	0.02125	0.9
1	2	DTIN	DTOUT	14	0.02075	0.892857
1	2	DTIN	DTOUT	16	0.01775	0.9
1	2	DTIN	DTOUT	18	0.01575	0.897436
1	2	DTIN	DTOUT	20	0.01425	0.9
1	2	DTIN	DTOUT	22	0.01325	0.927273
1	2	DTIN	DTOUT	24	0.01175	0.912281
1	2	DTIN	DTOUT	26	0.01075	0.904762
1	2	DTIN	DTOUT	28	0.01025	0.878788
1	2	DTIN	DTOUT	30	0.00975	0.931034
1	2	DTIN	DTOUT	32	0.00925	0.927536
1	2	DTIN	DTOUT	34	0.00825	0.919355
1	2	DTIN	DTOUT	36	0.00825	0.938462
1	2	DTIN	DTOUT	38	0.00775	0.961538
1	2	DTIN	DTOUT	40	0.00775	0.907407
1	2	DTIN	DTOUT	42	0.00725	0.911392
1	2	DTIN	DTOUT	44	0.00625	0.880597
1	2	DTIN	DTOUT	46	0.00625	0.917808
1	2	DTIN	DTOUT	48	0.00625	0.917808
1	2	DTIN	DTOUT	50	0.00575	0.876923
1	2	DTIN	DTOUT	52	0.00525	0.854167
1	2	DTIN	DTOUT	54	0.00575	0.913043
1	2	DTIN	DTOUT	56	0.00525	0.881579
1	2	DTIN	DTOUT	58	0.00525	0.945946
1	2	DTIN	DTOUT	60	0.00625	0.906977
1	2	DTIN	DTOUT	62	0.00475	0.87931
1	2	DTIN	DTOUT	64	0.00475	0.906667
1	2	DTIN	DTOUT	66	0.00525	0.897959
1	2	DTIN	DTOUT	68	0.00425	0.897059
1	2	DTIN	DTOUT	70	0.00425	0.935897
1	2	DTIN	DTOUT	72	0.00575	0.894737
1	2	DTIN	DTOUT	74	0.00475	0.903614
1	2	DTIN	DTOUT	76	0.00425	0.888889
1	2	DTIN	DTOUT	78	0.00375	0.940299
1	2	DTIN	DTOUT	80	0.00425	0.903226
1	2	DTIN	DTOUT	82	0.00375	0.88
1	2	DTIN	DTOUT	84	0.00425	0.898305
1	2	DTIN	DTOUT	86	0.00375	0.907407
1	2	DTIN	DTOUT	88	0.00375	0.915663
1	2	DTIN	DTOUT	90	0.00375	0.90411
1	2	DTIN	DTOUT	92	0.00325	0.857143
1	2	DTIN	DTOUT	94	0.00375	0.897436
1	2	DTIN	DTOUT	96	0.00525	0.903614
1	2	DTIN	DTOUT	98	0.00325	0.902778
1	2	DTIN	DTOUT	100	0.01125	0.901235
1	2	DTIN	DTOUT	102	0.00725	0.8875
1	2	DTIN	DTOUT	104	0.00475	0.906977
1	2	DTIN	DTOUT	106	0.00975	0.896552
1	2	DTIN	DTOUT	108	0.00275	0.925926
1	2	DTIN	DTOUT	110	0.00475	0.896552
1	2	DTIN	DTOUT	112	0.00425	0.89899
1	2	DTIN	DTOUT	114	0.00675	0.898551
1	2	DTIN	DTOUT	116	0.00325	0.913462
1	2	DTIN	DTOUT	118	0.00275	0.960526
1	2	DTOUT	DTCORR	0	0.05025	0
1	2	DTOUT	DTCORR	2	0.05025	0
1	2	DTOUT	DTCORR	4	0.04575	0.897959
1	2	DTOUT	DTCORR	6	0.03375	0.90493
1	2	DTOUT	DTCORR	8	0.02425	0.889474
1	2	DTOUT	DTCORR	10	0.01925	0.886667
1	2	DTOUT	DTCORR	12	0.01575	0.887471
1	2	DTOUT	DTCORR	14	0.01325	0.881212
1	2	DTOUT	DTCORR	16	0.01175	0.907473
1	2	DTOUT	DTCORR	18	0.01025	0.898126
1	2	DTOUT	DTCORR	20	0.00925	0.873821
1	2	DTOUT	DTCORR	22	0.00875	0.928894
1	2	DTOUT	DTCORR	24	0.00775	0.880536
1	2	DTOUT	DTCORR	26	0.00725	0.903323
1	2	DTOUT	DTCORR	28	0.00675	0.901515
1	2	DTOUT	DTCORR	30	0.00625	0.878431
1	2	DTOUT	DTCORR	32	0.00575	0.862419
1	2	DTOUT	DTCORR	34	0.00575	0.959184
1	2	DTOUT	DTCORR	36	0.00525	0.907563
1	2	DTOUT	DTCORR	38	0.00525	0.949605
1	2	DTOUT	DTCORR	40	0.00475	0.915725
1	2	DTOUT	DTCORR	42	0.00475	0.950593
1	2	DTOUT	DTCORR	44	0.00425	0.899044
1	2	DTOUT	DTCORR	46	0.00425	0.935194
1	2	DTOUT	DTCORR	48	0.00425	0.949803
1	2	DTOUT	DTCORR	50	0.00375	0.925738
1	2	DTOUT	DTCORR	52	0.00375	0.941395
1	2	DTOUT	DTCORR	54	0.00375	0.953629
1	2	DTOUT	DTCORR	56	0.00325	0.870192
1	2	DTOUT	DTCORR	58	0.00325	0.909343
1	2	DTOUT	DTCORR	60	0.00325	0.93838
1	2	DTOUT	DTCORR	62	0.00325	0.946247
1	2	DTOUT	DTCORR	64	0.00325	0.956522
1	2	DTOUT	DTCORR	66	0.00275	0.873128
1	2	DTOUT	DTCORR	68	0.00275	0.907692
1	2	DTOUT	DTCORR	70	0.00275	0.921769
1	2	DTOUT	DTCORR	72	0.00275	0.946065
1	2	DTOUT	DTCORR	74	0.00275	0.953431
1	2	DTOUT	DTCORR	76	0.00275	0.955056
1	2	DTOUT	DTCORR	78	0.00225	0.837768
1	2	DTOUT	DTCORR	80	0.00225	0.883404
1	2	DTOUT	DTCORR	82	0.00225	0.87884
1	2	DTOUT	DTCORR	84	0.00225	0.916594
1	2	DTOUT	DTCORR	86	0.00225	0.930442
1	2	DTOUT	DTCORR	88	0.00225	0.930311
1	2	DTOUT	DTCORR	90	0.00225	0.945643
1	2	DTOUT	DTCORR	92	0.00225	0.954237
1	2	DTOUT	DTCORR	94	0.00225	0.944162
1	2	DTOUT	DTCORR	96	0.00225	0.956449
1	2	DTOUT	DTCORR	98	0.00225	0.952614
1	2	DTOUT	DTCORR	100	0.00225	0.966129
1	2	DTOUT	DTCORR	102	0.00175	0.859532
1	2	DTOUT	DTCORR	104	0.00175	0.894389
1	2	DTOUT	DTCORR	106	0.00175	0.893491
1	2	DTOUT	DTCORR	108	0.00175	0.90783
1	2	DTOUT	DTCORR	110	0.00175	0.91716
1	2	DTOUT	DTCORR	112	0.00175	0.934818
1	2	DTOUT	DTCORR	114	0.00175	0.910204
1	2	DTOUT	DTCORR	116	0.00175	0.937759
1	2	DTOUT	DTCORR	118	0.00175	0.956811
1	2	DTOUT	DTIN	0	0.05025	0
1	2	DTOUT	DTIN	2	0.05025	0
1	2	DTOUT	DTIN	4	0.04225	0.882353
1	2	DTOUT	DTIN	6	0.02975	0.926829
1	2	DTOUT	DTIN	8	0.02075	0.914286
1	2	DTOUT	DTIN	10	0.01675	0.910448
1	2	DTOUT	DTIN	12	0.01325	0.876923
1	2	DTOUT	DTIN	14	0.01175	0.914634
1	2	DTOUT	DTIN	16	0.01025	0.942029
1	2	DTOUT	DTIN	18	0.00925	0.927083
1	2	DTOUT	DTIN	20	0.00775	0.890411
1	2	DTOUT	DTIN	22	0.00725	0.876543
1	2	DTOUT	DTIN	24	0.00675	0.897959
1	2	DTOUT	DTIN	26	0.00625	0.931373
1	2	DTOUT	DTIN	28	0.00575	0.891304
1	2	DTOUT	DTIN	30	0.00525	0.93617
1	2	DTOUT	DTIN	32	0.00525	0.90991
1	2	DTOUT	DTIN	34	0.00475	0.932584
1	2	DTOUT	DTIN	36	0.00425	0.850877
1	2	DTOUT	DTIN	38	0.00475	0.926606
1	2	DTOUT	DTIN	40	0.00375	0.913978
1	2	DTOUT	DTIN	42	0.00425	0.913462
1	2	DTOUT	DTIN	44	0.00375	0.928571
1	2	DTOUT	DTIN	46	0.00375	0.94898
1	2	DTOUT	DTIN	48	0.00325	0.905172
1	2	DTOUT	DTIN	50	0.00325	0.933962
1	2	DTOUT	DTIN	52	0.00325	0.909091
1	2	DTOUT	DTIN	54	0.00325	0.903226
1	2	DTOUT	DTIN	56	0.00275	0.92233
1	2	DTOUT	DTIN	58	0.00275	0.929293
1	2	DTOUT	DTIN	60	0.00275	0.918367
1	2	DTOUT	DTIN	62	0.00275	0.928571
1	2	DTOUT	DTIN	64	0.00425	0.9
1	2	DTOUT	DTIN	66	0.00275	0.95122
1	2	DTOUT	DTIN	68	0.00325	0.910714
1	2	DTOUT	DTIN	70	0.00225	0.946429
1	2	DTOUT	DTIN	72	0.00225	0.901099
1	2	DTOUT	DTIN	74	0.00275	0.900901
1	2	DTOUT	DTIN	76	0.00225	0.933333
1	2	DTOUT	DTIN	78	0.00275	0.898305
1	2	DTOUT	DTIN	80	0.00225	0.904412
1	2	DTOUT	DTIN	82	0.00225	0.947826
1	2	DTOUT	DTIN	84	0.00225	0.895652
1	2	DTOUT	DTIN	86	0.00225	0.907563
1	2	DTOUT	DTIN	88	0.00175	0.886957
1	2	DTOUT	DTIN	90	0.00275	0.895161
1	2	DTOUT	DTIN	92	0.00175	0.894737
1	2	DTOUT	DTIN	94	0.00425	0.903509
1	2	DTOUT	DTIN	96	0.00275	0.894737
1	2	DTOUT	DTIN	98	0.00175	0.938596
1	2	DTOUT	DTIN	100	0.00175	0.955556
1	2	DTOUT	DTIN	102	0.00175	0.966667
1	2	DTOUT	DTIN	104	0.00175	0.904762
1	2	DTOUT	DTIN	106	0.00175	0.910714
1	2	DTOUT	DTIN	108	0.00175	0.924242
1	2	DTOUT	DTIN	110	0.00375	0.9
1	2	DTOUT	DTIN	112	0.00425	0.902778
1	2	DTOUT	DTIN	114	0.00275	0.897059
1	2	DTOUT	DTIN	116	0.00175	0.914286
1	2	DTOUT	DTIN	118	0.00325	0.898305
1	2	DTOUT	DTOUT	0	0.05025	0
1	2	DTOUT	DTOUT	2	0.05025	0
1	2	DTOUT	DTOUT	4	0.04475	0.9
1	2	DTOUT	DTOUT	6	0.03625	0.903226
1	2	DTOUT	DTOUT	8	0.02725	0.9
1	2	DTOUT	DTOUT	10	0.02225	0.894737
1	2	DTOUT	DTOUT	12	0.01625	0.870968
1	2	DTOUT	DTOUT	14	0.01525	0.885714
1	2	DTOUT	DTOUT	16	0.01325	0.928571
1	2	DTOUT	DTOUT	18	0.01125	0.916667
1	2	DTOUT	DTOUT	20	0.01075	0.909091
1	2	DTOUT	DTOUT	22	0.00975	0.878049
1	2	DTOUT	DTOUT	24	0.00875	0.909091
1	2	DTOUT	DTOUT	26	0.00775	0.921053
1	2	DTOUT	DTOUT	28	0.00775	0.926471
1	2	DTOUT	DTOUT	30	0.00725	0.955556
1	2	DTOUT	DTOUT	32	0.00675	0.931034
1	2	DTOUT	DTOUT	34	0.00625	0.96875
1	2	DTOUT	DTOUT	36	0.00625	0.918367
1	2	DTOUT	DTOUT	38	0.00575	0.9375
1	2	DTOUT	DTOUT	40	0.00525	0.947368
1	2	DTOUT	DTOUT	42	0.00525	0.929825
1	2	DTOUT	DTOUT	44	0.00475	0.891304
1	2	DTOUT	DTOUT	46	0.00525	0.907407
1	2	DTOUT	DTOUT	48	0.00425	0.826087
1	2	DTOUT	DTOUT	50	0.00475	0.90625
1	2	DTOUT	DTOUT	52	0.00425	0.931034
1	2	DTOUT	DTOUT	54	0.00425	0.921875
1	2	DTOUT	DTOUT	56	0.00375	0.904762
1	2	DTOUT	DTOUT	58	0.00425	0.910714
1	2	DTOUT	DTOUT	60	0.00375	0.934426
1	2	DTOUT	DTOUT	62	0.00375	0.915254
1	2	DTOUT	DTOUT	64	0.00375	0.93617
1	2	DTOUT	DTOUT	66	0.00525	0.896552
1	2	DTOUT	DTOUT	68	0.00375	0.903846
1	2	DTOUT	DTOUT	70	0.00275	0.818182
1	2	DTOUT	DTOUT	72	0.00275	0.846154
1	2	DTOUT	DTOUT	74	0.00275	0.885246
1	2	DTOUT	DTOUT	76	0.00275	0.959184
1	2	DTOUT	DTOUT	78	0.00325	0.894737
1	2	DTOUT	DTOUT	80	0.00275	0.942857
1	2	DTOUT	DTOUT	82	0.00275	0.986301
1	2	DTOUT	DTOUT	84	0.00275	0.896552
1	2	DTOUT	DTOUT	86	0.00275	0.914286
1	2	DTOUT	DTOUT	88	0.00275	0.912281
1	2	DTOUT	DTOUT	90	0.00225	0.880597
1	2	DTOUT	DTOUT	92	0.00225	0.90625
1	2	DTOUT	DTOUT	94	0.00475	0.897059
1	2	DTOUT	DTOUT	96	0.00275	0.921053
1	2	DTOUT	DTOUT	98	0.00225	0.943662
1	2	DTOUT	DTOUT	100	0.00375	0.891304
1	2	DTOUT	DTOUT	102	0.00375	0.909091
1	2	DTOUT	DTOUT	104	0.00225	0.9
1	2	DTOUT	DTOUT	106	0.00375	0.90625
1	2	DTOUT	DTOUT	108	0.00575	0.897059
1	2	DTOUT	DTOUT	110	0.00225	0.936709
1	2	DTOUT	DTOUT	112	0.00225	0.910714
1	2	DTOUT	DTOUT	114	0.00525	0.904762
1	2	DTOUT	DTOUT	116	0.00225	0.902778
1	2	DTOUT	DTOUT	118	0.00175	0.9125
