1	2	DTCORR	DTCORR	0	0.05025	0
1	2	DTCORR	DTCORR	2	0.02475	1
1	2	DTCORR	DTCORR	4	0.04825	0.898998
1	2	DTCORR	DTCORR	6	0.04125	0.896683
1	2	DTCORR	DTCORR	8	0.03025	0.893137
1	2	DTCORR	DTCORR	10	0.02375	0.897514
1	2	DTCORR	DTCORR	12	0.01975	0.901162
1	2	DTCORR	DTCORR	14	0.01675	0.900069
1	2	DTCORR	DTCORR	16	0.01475	0.920205
1	2	DTCORR	DTCORR	18	0.01275	0.886928
1	2	DTCORR	DTCORR	20	0.01175	0.930345
1	2	DTCORR	DTCORR	22	0.01025	0.880919
1	2	DTCORR	DTCORR	24	0.00975	0.905938
1	2	DTCORR	DTCORR	26	0.00875	0.86013
1	2	DTCORR	DTCORR	28	0.00825	0.895256
1	2	DTCORR	DTCORR	30	0.00775	0.900851
1	2	DTCORR	DTCORR	32	0.00725	0.900992
1	2	DTCORR	DTCORR	34	0.00675	0.89329
1	2	DTCORR	DTCORR	36	0.00625	0.862743
1	2	DTCORR	DTCORR	38	0.00625	0.940987
1	2	DTCORR	DTCORR	40	0.00575	0.901801
1	2	DTCORR	DTCORR	42	0.00575	0.954085
1	2	DTCORR	DTCORR	44	0.00525	0.912807
1	2	DTCORR	DTCORR	46	0.00525	0.95754
1	2	DTCORR	DTCORR	48	0.00475	0.904632
1	2	DTCORR	DTCORR	50	0.00475	0.948401
1	2	DTCORR	DTCORR	52	0.00425	0.857656
1	2	DTCORR	DTCORR	54	0.00425	0.917511
1	2	DTCORR	DTCORR	56	0.00425	0.950209
1	2	DTCORR	DTCORR	58	0.00375	0.834249
1	2	DTCORR	DTCORR	60	0.00375	0.892953
1	2	DTCORR	DTCORR	62	0.00375	0.933342
1	2	DTCORR	DTCORR	64	0.00375	0.958214
1	2	DTCORR	DTCORR	66	0.00375	0.970466
1	2	DTCORR	DTCORR	68	0.00325	0.875801
1	2	DTCORR	DTCORR	70	0.00325	0.917039
1	2	DTCORR	DTCORR	72	0.00325	0.93998
1	2	DTCORR	DTCORR	74	0.00325	0.959237
1	2	DTCORR	DTCORR	76	0.00325	0.968502
1	2	DTCORR	DTCORR	78	0.00275	0.831326
1	2	DTCORR	DTCORR	80	0.00275	0.886114
1	2	DTCORR	DTCORR	82	0.00275	0.915708
1	2	DTCORR	DTCORR	84	0.00275	0.939818
1	2	DTCORR	DTCORR	86	0.00275	0.956434
1	2	DTCORR	DTCORR	88	0.00275	0.963205
1	2	DTCORR	DTCORR	90	0.00275	0.970235
1	2	DTCORR	DTCORR	92	0.00275	0.973581
1	2	DTCORR	DTCORR	94	0.00225	0.838763
1	2	DTCORR	DTCORR	96	0.00225	0.869892
1	2	DTCORR	DTCORR	98	0.00225	0.898507
1	2	DTCORR	DTCORR	100	0.00225	0.919606
1	2	DTCORR	DTCORR	102	0.00225	0.934709
1	2	DTCORR	DTCORR	104	0.00225	0.948415
1	2	DTCORR	DTCORR	106	0.00225	0.953511
1	2	DTCORR	DTCORR	108	0.00225	0.96274
1	2	DTCORR	DTCORR	110	0.00225	0.970128
1	2	DTCORR	DTCORR	112	0.00225	0.969883
1	2	DTCORR	DTCORR	114	0.00225	0.975469
1	2	DTCORR	DTCORR	116	0.00225	0.976963
1	2	DTCORR	DTCORR	118	0.00225	0.97623
1	2	DTCORR	DTIN	0	0.05025	0
1	2	DTCORR	DTIN	2	0.04475	1
1	2	DTCORR	DTIN	4	0.04675	0.895131
1	2	DTCORR	DTIN	6	0.03725	0.893023
1	2	DTCORR	DTIN	8	0.02625	0.891954
1	2	DTCORR	DTIN	10	0.02075	0.89006
1	2	DTCORR	DTIN	12	0.01725	0.887858
1	2	DTCORR	DTIN	14	0.01475	0.924232
1	2	DTCORR	DTIN	16	0.01275	0.89894
1	2	DTCORR	DTIN	18	0.01125	0.908957
1	2	DTCORR	DTIN	20	0.01025	0.936599
1	2	DTCORR	DTIN	22	0.00925	0.879911
1	2	DTCORR	DTIN	24	0.00875	0.934354
1	2	DTCORR	DTIN	26	0.00775	0.89252
1	2	DTCORR	DTIN	28	0.00725	0.894245
1	2	DTCORR	DTIN	30	0.00675	0.907328
1	2	DTCORR	DTIN	32	0.00625	0.886703
1	2	DTCORR	DTIN	34	0.00575	0.867718
1	2	DTCORR	DTIN	36	0.00575	0.932404
1	2	DTCORR	DTIN	38	0.00525	0.896575
1	2	DTCORR	DTIN	40	0.00525	0.933936
1	2	DTCORR	DTIN	42	0.00475	0.884331
1	2	DTCORR	DTIN	44	0.00475	0.936126
1	2	DTCORR	DTIN	46	0.00425	0.879863
1	2	DTCORR	DTIN	48	0.00425	0.924042
1	2	DTCORR	DTIN	50	0.00425	0.95265
1	2	DTCORR	DTIN	52	0.00375	0.886897
1	2	DTCORR	DTIN	54	0.00375	0.923597
1	2	DTCORR	DTIN	56	0.00375	0.945775
1	2	DTCORR	DTIN	58	0.00375	0.946704
1	2	DTCORR	DTIN	60	0.00325	0.881119
1	2	DTCORR	DTIN	62	0.00325	0.914209
1	2	DTCORR	DTIN	64	0.00325	0.94767
1	2	DTCORR	DTIN	66	0.00325	0.943151
1	2	DTCORR	DTIN	68	0.00325	0.945908
1	2	DTCORR	DTIN	70	0.00275	0.877978
1	2	DTCORR	DTIN	72	0.00275	0.928781
1	2	DTCORR	DTIN	74	0.00275	0.926676
1	2	DTCORR	DTIN	76	0.00275	0.936709
1	2	DTCORR	DTIN	78	0.00275	0.937289
1	2	DTCORR	DTIN	80	0.00275	0.953232
1	2	DTCORR	DTIN	82	0.00275	0.945003
1	2	DTCORR	DTIN	84	0.00225	0.883849
1	2	DTCORR	DTIN	86	0.00225	0.901445
1	2	DTCORR	DTIN	88	0.00225	0.90784
1	2	DTCORR	DTIN	90	0.00225	0.92094
1	2	DTCORR	DTIN	92	0.00225	0.919051
1	2	DTCORR	DTIN	94	0.00225	0.92832
1	2	DTCORR	DTIN	96	0.00225	0.935994
1	2	DTCORR	DTIN	98	0.00225	0.928571
1	2	DTCORR	DTIN	100	0.00225	0.939246
1	2	DTCORR	DTIN	102	0.00225	0.920228
1	2	DTCORR	DTIN	104	0.00225	0.933424
1	2	DTCORR	DTIN	106	0.00175	0.870903
1	2	DTCORR	DTIN	108	0.00175	0.88456
1	2	DTCORR	DTIN	110	0.00175	0.891468
1	2	DTCORR	DTIN	112	0.00175	0.897875
1	2	DTCORR	DTIN	114	0.00175	0.925729
1	2	DTCORR	DTIN	116	0.00175	0.911785
1	2	DTCORR	DTIN	118	0.00175	0.917246
1	2	DTCORR	DTOUT	0	0.05025	0
1	2	DTCORR	DTOUT	2	0.05025	0
1	2	DTCORR	DTOUT	4	0.04925	0.895349
1	2	DTCORR	DTOUT	6	0.04425	0.902527
1	2	DTCORR	DTOUT	8	0.03275	0.894356
1	2	DTCORR	DTOUT	10	0.02625	0.911208
1	2	DTCORR	DTOUT	12	0.02175	0.906528
1	2	DTCORR	DTOUT	14	0.01825	0.879484
1	2	DTCORR	DTOUT	16	0.01575	0.899609
1	2	DTCORR	DTOUT	18	0.01425	0.923277
1	2	DTCORR	DTOUT	20	0.01275	0.904459
1	2	DTCORR	DTOUT	22	0.01175	0.918782
1	2	DTCORR	DTOUT	24	0.01075	0.917874
1	2	DTCORR	DTOUT	26	0.00975	0.877147
1	2	DTCORR	DTOUT	28	0.00925	0.894863
1	2	DTCORR	DTOUT	30	0.00875	0.914579
1	2	DTCORR	DTOUT	32	0.00825	0.923164
1	2	DTCORR	DTOUT	34	0.00775	0.929936
1	2	DTCORR	DTOUT	36	0.00725	0.897826
1	2	DTCORR	DTOUT	38	0.00675	0.894118
1	2	DTCORR	DTOUT	40	0.00625	0.867416
1	2	DTCORR	DTOUT	42	0.00625	0.910615
1	2	DTCORR	DTOUT	44	0.00575	0.879085
1	2	DTCORR	DTOUT	46	0.00575	0.939462
1	2	DTCORR	DTOUT	48	0.00525	0.889016
1	2	DTCORR	DTOUT	50	0.00525	0.929561
1	2	DTCORR	DTOUT	52	0.00475	0.865574
1	2	DTCORR	DTOUT	54	0.00475	0.925676
1	2	DTCORR	DTOUT	56	0.00475	0.941176
1	2	DTCORR	DTOUT	58	0.00425	0.861013
1	2	DTCORR	DTOUT	60	0.00425	0.900235
1	2	DTCORR	DTOUT	62	0.00425	0.950212
1	2	DTCORR	DTOUT	64	0.00425	0.951299
1	2	DTCORR	DTOUT	66	0.00375	0.889009
1	2	DTCORR	DTOUT	68	0.00375	0.917763
1	2	DTCORR	DTOUT	70	0.00375	0.920935
1	2	DTCORR	DTOUT	72	0.00375	0.95182
1	2	DTCORR	DTOUT	74	0.00325	0.868721
1	2	DTCORR	DTOUT	76	0.00325	0.883822
1	2	DTCORR	DTOUT	78	0.00325	0.915592
1	2	DTCORR	DTOUT	80	0.00325	0.922136
1	2	DTCORR	DTOUT	82	0.00325	0.926752
1	2	DTCORR	DTOUT	84	0.00325	0.930754
1	2	DTCORR	DTOUT	86	0.00325	0.931818
1	2	DTCORR	DTOUT	88	0.00275	0.867836
1	2	DTCORR	DTOUT	90	0.00275	0.888535
1	2	DTCORR	DTOUT	92	0.00275	0.909791
1	2	DTCORR	DTOUT	94	0.00275	0.916279
1	2	DTCORR	DTOUT	96	0.00275	0.914621
1	2	DTCORR	DTOUT	98	0.00275	0.918919
1	2	DTCORR	DTOUT	100	0.00275	0.92146
1	2	DTCORR	DTOUT	102	0.00275	0.924176
1	2	DTCORR	DTOUT	104	0.00275	0.931373
1	2	DTCORR	DTOUT	106	0.00275	0.944444
1	2	DTCORR	DTOUT	108	0.00225	0.881414
1	2	DTCORR	DTOUT	110	0.00225	0.890337
1	2	DTCORR	DTOUT	112	0.00225	0.887967
1	2	DTCORR	DTOUT	114	0.00225	0.909382
1	2	DTCORR	DTOUT	116	0.00225	0.912148
1	2	DTCORR	DTOUT	118	0.00225	0.932489
1	2	DTIN	DTCORR	0	0.05025	0
1	2	DTIN	DTCORR	2	0.05025	0
1	2	DTIN	DTCORR	4	0.04925	0.864865
1	2	DTIN	DTCORR	6	0.04325	0.898058
1	2	DTIN	DTCORR	8	0.03475	0.906149
1	2	DTIN	DTCORR	10	0.02825	0.900238
1	2	DTIN	DTCORR	12	0.02275	0.895735
1	2	DTIN	DTCORR	14	0.01975	0.897233
1	2	DTIN	DTCORR	16	0.01725	0.877049
1	2	DTIN	DTCORR	18	0.01525	0.901503
1	2	DTIN	DTCORR	20	0.01375	0.898089
1	2	DTIN	DTCORR	22	0.01225	0.881306
1	2	DTIN	DTCORR	24	0.01175	0.921965
1	2	DTIN	DTCORR	26	0.01025	0.88029
1	2	DTIN	DTCORR	28	0.00975	0.889019
1	2	DTIN	DTCORR	30	0.00925	0.911525
1	2	DTIN	DTCORR	32	0.00875	0.915054
1	2	DTIN	DTCORR	34	0.00825	0.924607
1	2	DTIN	DTCORR	36	0.00775	0.911463
1	2	DTIN	DTCORR	38	0.00725	0.892197
1	2	DTIN	DTCORR	40	0.00725	0.93148
1	2	DTIN	DTCORR	42	0.00675	0.927492
1	2	DTIN	DTCORR	44	0.00625	0.873096
1	2	DTIN	DTCORR	46	0.00625	0.900755
1	2	DTIN	DTCORR	48	0.00575	0.868056
1	2	DTIN	DTCORR	50	0.00575	0.916168
1	2	DTIN	DTCORR	52	0.00525	0.860825
1	2	DTIN	DTCORR	54	0.00525	0.897087
1	2	DTIN	DTCORR	56	0.00525	0.917255
1	2	DTIN	DTCORR	58	0.00525	0.917969
1	2	DTIN	DTCORR	60	0.00475	0.895257
1	2	DTIN	DTCORR	62	0.00475	0.921739
1	2	DTIN	DTCORR	64	0.00475	0.929524
1	2	DTIN	DTCORR	66	0.00425	0.882298
1	2	DTIN	DTCORR	68	0.00425	0.922066
1	2	DTIN	DTCORR	70	0.00425	0.916817
1	2	DTIN	DTCORR	72	0.00425	0.906516
1	2	DTIN	DTCORR	74	0.00375	0.870599
1	2	DTIN	DTCORR	76	0.00375	0.892562
1	2	DTIN	DTCORR	78	0.00375	0.90681
1	2	DTIN	DTCORR	80	0.00375	0.893158
1	2	DTIN	DTCORR	82	0.00375	0.93071
1	2	DTIN	DTCORR	84	0.00375	0.920541
1	2	DTIN	DTCORR	86	0.00375	0.920942
1	2	DTIN	DTCORR	88	0.00375	0.91637
1	2	DTIN	DTCORR	90	0.00325	0.903762
1	2	DTIN	DTCORR	92	0.00325	0.903654
1	2	DTIN	DTCORR	94	0.00325	0.906331
1	2	DTIN	DTCORR	96	0.00325	0.910035
1	2	DTIN	DTCORR	98	0.00325	0.918782
1	2	DTIN	DTCORR	100	0.00325	0.910624
1	2	DTIN	DTCORR	102	0.00325	0.911548
1	2	DTIN	DTCORR	104	0.00325	0.914929
1	2	DTIN	DTCORR	106	0.00325	0.914095
1	2	DTIN	DTCORR	108	0.00275	0.890411
1	2	DTIN	DTCORR	110	0.00325	0.902743
1	2	DTIN	DTCORR	112	0.00275	0.9083
1	2	DTIN	DTCORR	114	0.00275	0.898814
1	2	DTIN	DTCORR	116	0.00275	0.92
1	2	DTIN	DTCORR	118	0.00275	0.907031
1	2	DTIN	DTIN	0	0.05025	0
1	2	DTIN	DTIN	2	0.05025	0
1	2	DTIN	DTIN	4	0.04975	1
1	2	DTIN	DTIN	6	0.04525	0.896552
1	2	DTIN	DTIN	8	0.03025	0.906977
1	2	DTIN	DTIN	10	0.02525	0.9
1	2	DTIN	DTIN	12	0.02075	0.909091
1	2	DTIN	DTIN	14	0.01825	0.907407
1	2	DTIN	DTIN	16	0.01575	0.898551
1	2	DTIN	DTIN	18	0.01375	0.908046
1	2	DTIN	DTIN	20	0.01225	0.873563
1	2	DTIN	DTIN	22	0.01075	0.902778
1	2	DTIN	DTIN	24	0.01025	0.901235
1	2	DTIN	DTIN	26	0.00975	0.910891
1	2	DTIN	DTIN	28	0.00875	0.941748
1	2	DTIN	DTIN	30	0.00875	0.878049
1	2	DTIN	DTIN	32	0.00775	0.877778
1	2	DTIN	DTIN	34	0.00725	0.926316
1	2	DTIN	DTIN	36	0.00725	0.893617
1	2	DTIN	DTIN	38	0.00675	0.925926
1	2	DTIN	DTIN	40	0.00625	0.927273
1	2	DTIN	DTIN	42	0.00575	0.863636
1	2	DTIN	DTIN	44	0.00575	0.93617
1	2	DTIN	DTIN	46	0.00525	0.87619
1	2	DTIN	DTIN	48	0.00525	0.90625
1	2	DTIN	DTIN	50	0.00525	0.935484
1	2	DTIN	DTIN	52	0.00475	0.90099
1	2	DTIN	DTIN	54	0.00475	0.913043
1	2	DTIN	DTIN	56	0.00475	0.9
1	2	DTIN	DTIN	58	0.00475	0.902439
1	2	DTIN	DTIN	60	0.00425	0.907216
1	2	DTIN	DTIN	62	0.00425	0.92233
1	2	DTIN	DTIN	64	0.00425	0.903846
1	2	DTIN	DTIN	66	0.00375	0.896552
1	2	DTIN	DTIN	68	0.00475	0.909091
1	2	DTIN	DTIN	70	0.00375	0.933333
1	2	DTIN	DTIN	72	0.00375	0.88785
1	2	DTIN	DTIN	74	0.00325	0.87619
1	2	DTIN	DTIN	76	0.00375	0.90678
1	2	DTIN	DTIN	78	0.00375	0.90625
1	2	DTIN	DTIN	80	0.00325	0.964912
1	2	DTIN	DTIN	82	0.00425	0.899083
1	2	DTIN	DTIN	84	0.00325	0.9
1	2	DTIN	DTIN	86	0.00425	0.912
1	2	DTIN	DTIN	88	0.00375	0.899083
1	2	DTIN	DTIN	90	0.00325	0.926606
1	2	DTIN	DTIN	92	0.00425	0.9
1	2	DTIN	DTIN	94	0.00425	0.900901
1	2	DTIN	DTIN	96	0.00325	0.893805
1	2	DTIN	DTIN	98	0.00375	0.903846
1	2	DTIN	DTIN	100	0.00575	0.893805
1	2	DTIN	DTIN	102	0.00275	0.915888
1	2	DTIN	DTIN	104	0.00375	0.896226
1	2	DTIN	DTIN	106	0.00325	0.896
1	2	DTIN	DTIN	108	0.00275	0.909091
1	2	DTIN	DTIN	110	0.00425	0.89899
1	2	DTIN	DTIN	112	0.00275	0.90099
1	2	DTIN	DTIN	114	0.00625	0.901515
1	2	DTIN	DTIN	116	0.00225	0.910569
1	2	DTIN	DTIN	118	0.00225	0.911504
1	2	DTIN	DTOUT	0	0.05025	0
1	2	DTIN	DTOUT	2	0.05025	0
1	2	DTIN	DTOUT	4	0.05025	0
1	2	DTIN	DTOUT	6	0.04375	1
1	2	DTIN	DTOUT	8	0.03375	0.916667
1	2	DTIN	DTOUT	10	0.03075	0.875
1	2	DTIN	DTOUT	12	0.02575	0.928571
1	2	DTIN	DTOUT	14	0.02275	0.882353
1	2	DTIN	DTOUT	16	0.01825	0.896552
1	2	DTIN	DTOUT	18	0.01825	0.931034
1	2	DTIN	DTOUT	20	0.01425	0.862069
1	2	DTIN	DTOUT	22	0.01275	0.883721
1	2	DTIN	DTOUT	24	0.01275	0.9
1	2	DTIN	DTOUT	26	0.01175	0.9
1	2	DTIN	DTOUT	28	0.01125	0.923077
1	2	DTIN	DTOUT	30	0.01025	0.903846
1	2	DTIN	DTOUT	32	0.01175	0.891304
1	2	DTIN	DTOUT	34	0.00875	0.894737
1	2	DTIN	DTOUT	36	0.00875	0.9375
1	2	DTIN	DTOUT	38	0.00775	0.9
1	2	DTIN	DTOUT	40	0.00775	0.958333
1	2	DTIN	DTOUT	42	0.00725	0.888889
1	2	DTIN	DTOUT	44	0.00675	0.901961
1	2	DTIN	DTOUT	46	0.00675	0.907407
1	2	DTIN	DTOUT	48	0.00625	0.90566
1	2	DTIN	DTOUT	50	0.00825	0.907407
1	2	DTIN	DTOUT	52	0.00625	0.897959
1	2	DTIN	DTOUT	54	0.00575	0.890909
1	2	DTIN	DTOUT	56	0.00575	0.903226
1	2	DTIN	DTOUT	58	0.00575	0.916667
1	2	DTIN	DTOUT	60	0.00575	0.913793
1	2	DTIN	DTOUT	62	0.00525	0.898305
1	2	DTIN	DTOUT	64	0.00525	0.903226
1	2	DTIN	DTOUT	66	0.00475	0.938776
1	2	DTIN	DTOUT	68	0.00475	0.923077
1	2	DTIN	DTOUT	70	0.00475	0.916667
1	2	DTIN	DTOUT	72	0.00475	0.906667
1	2	DTIN	DTOUT	74	0.00525	0.90566
1	2	DTIN	DTOUT	76	0.00425	0.944444
1	2	DTIN	DTOUT	78	0.00525	0.888889
1	2	DTIN	DTOUT	80	0.00775	0.910714
1	2	DTIN	DTOUT	82	0.00425	0.901639
1	2	DTIN	DTOUT	84	0.00625	0.90411
1	2	DTIN	DTOUT	86	0.00575	0.894737
1	2	DTIN	DTOUT	88	0.00375	0.911765
1	2	DTIN	DTOUT	90	0.00375	0.907407
1	2	DTIN	DTOUT	92	0.00425	0.898305
1	2	DTIN	DTOUT	94	0.00475	0.892857
1	2	DTIN	DTOUT	96	0.00625	0.90625
1	2	DTIN	DTOUT	98	0.00475	0.892857
1	2	DTIN	DTOUT	100	0.00525	0.903226
1	2	DTIN	DTOUT	102	0.00325	0.928571
1	2	DTIN	DTOUT	104	0.00375	0.895522
1	2	DTIN	DTOUT	106	0.00425	0.907407
1	2	DTIN	DTOUT	108	0.00375	0.893939
1	2	DTIN	DTOUT	110	0.00475	0.907692
1	2	DTIN	DTOUT	112	0.00725	0.896552
1	2	DTIN	DTOUT	114	0.00375	0.892308
1	2	DTIN	DTOUT	116	0.00725	0.893333
1	2	DTIN	DTOUT	118	0.00325	0.921053
1	2	DTOUT	DTCORR	0	0.05025	0
1	2	DTOUT	DTCORR	2	0.05025	0
1	2	DTOUT	DTCORR	4	0.04575	0.903846
1	2	DTOUT	DTCORR	6	0.03475	0.903571
1	2	DTOUT	DTCORR	8	0.02475	0.903328
1	2	DTOUT	DTCORR	10	0.01975	0.904014
1	2	DTOUT	DTCORR	12	0.01625	0.900935
1	2	DTOUT	DTCORR	14	0.01375	0.888502
1	2	DTOUT	DTCORR	16	0.01175	0.881034
1	2	DTOUT	DTCORR	18	0.01075	0.908411
1	2	DTOUT	DTCORR	20	0.00975	0.92915
1	2	DTOUT	DTCORR	22	0.00875	0.902482
1	2	DTOUT	DTCORR	24	0.00825	0.904192
1	2	DTOUT	DTCORR	26	0.00725	0.871069
1	2	DTOUT	DTCORR	28	0.00725	0.918462
1	2	DTOUT	DTCORR	30	0.00625	0.856049
1	2	DTOUT	DTCORR	32	0.00625	0.93921
1	2	DTOUT	DTCORR	34	0.00575	0.913303
1	2	DTOUT	DTCORR	36	0.00525	0.870192
1	2	DTOUT	DTCORR	38	0.00525	0.910384
1	2	DTOUT	DTCORR	40	0.00525	0.93265
1	2	DTOUT	DTCORR	42	0.00475	0.916918
1	2	DTOUT	DTCORR	44	0.00475	0.947522
1	2	DTOUT	DTCORR	46	0.00425	0.903418
1	2	DTOUT	DTCORR	48	0.00425	0.90566
1	2	DTOUT	DTCORR	50	0.00425	0.92033
1	2	DTOUT	DTCORR	52	0.00375	0.895664
1	2	DTOUT	DTCORR	54	0.00375	0.926593
1	2	DTOUT	DTCORR	56	0.00375	0.936401
1	2	DTOUT	DTCORR	58	0.00325	0.887097
1	2	DTOUT	DTCORR	60	0.00325	0.887686
1	2	DTOUT	DTCORR	62	0.00325	0.919419
1	2	DTOUT	DTCORR	64	0.00325	0.940361
1	2	DTOUT	DTCORR	66	0.00325	0.941576
1	2	DTOUT	DTCORR	68	0.00325	0.933066
1	2	DTOUT	DTCORR	70	0.00275	0.878146
1	2	DTOUT	DTCORR	72	0.00275	0.90709
1	2	DTOUT	DTCORR	74	0.00275	0.91128
1	2	DTOUT	DTCORR	76	0.00275	0.909091
1	2	DTOUT	DTCORR	78	0.00275	0.922424
1	2	DTOUT	DTCORR	80	0.00275	0.917167
1	2	DTOUT	DTCORR	82	0.00275	0.905371
1	2	DTOUT	DTCORR	84	0.00225	0.872892
1	2	DTOUT	DTCORR	86	0.00225	0.90629
1	2	DTOUT	DTCORR	88	0.00275	0.913596
1	2	DTOUT	DTCORR	90	0.00225	0.912437
1	2	DTOUT	DTCORR	92	0.00225	0.912596
1	2	DTOUT	DTCORR	94	0.00225	0.922794
1	2	DTOUT	DTCORR	96	0.00225	0.908075
1	2	DTOUT	DTCORR	98	0.00225	0.922535
1	2	DTOUT	DTCORR	100	0.00225	0.930643
1	2	DTOUT	DTCORR	102	0.00225	0.918114
1	2	DTOUT	DTCORR	104	0.00225	0.925373
1	2	DTOUT	DTCORR	106	0.00225	0.925749
1	2	DTOUT	DTCORR	108	0.00225	0.926918
1	2	DTOUT	DTCORR	110	0.00225	0.92126
1	2	DTOUT	DTCORR	112	0.00175	0.88968
1	2	DTOUT	DTCORR	114	0.00175	0.881808
1	2	DTOUT	DTCORR	116	0.00225	0.901293
1	2	DTOUT	DTCORR	118	0.00225	0.908571
1	2	DTOUT	DTIN	0	0.05025	0
1	2	DTOUT	DTIN	2	0.05025	0
1	2	DTOUT	DTIN	4	0.04075	0.875
1	2	DTOUT	DTIN	6	0.02775	0.911765
1	2	DTOUT	DTIN	8	0.02075	0.903846
1	2	DTOUT	DTIN	10	0.01725	0.932203
1	2	DTOUT	DTIN	12	0.01375	0.897436
1	2	DTOUT	DTIN	14	0.01175	0.907895
1	2	DTOUT	DTIN	16	0.01025	0.877193
1	2	DTOUT	DTIN	18	0.00975	0.907407
1	2	DTOUT	DTIN	20	0.00825	0.916667
1	2	DTOUT	DTIN	22	0.00775	0.90411
1	2	DTOUT	DTIN	24	0.00725	0.921053
1	2	DTOUT	DTIN	26	0.00625	0.9125
1	2	DTOUT	DTIN	28	0.00625	0.894737
1	2	DTOUT	DTIN	30	0.00575	0.864407
1	2	DTOUT	DTIN	32	0.00525	0.921875
1	2	DTOUT	DTIN	34	0.00475	0.875
1	2	DTOUT	DTIN	36	0.00475	0.951807
1	2	DTOUT	DTIN	38	0.00425	0.878049
1	2	DTOUT	DTIN	40	0.00475	0.92
1	2	DTOUT	DTIN	42	0.00375	0.888889
1	2	DTOUT	DTIN	44	0.00375	0.90625
1	2	DTOUT	DTIN	46	0.00375	0.947368
1	2	DTOUT	DTIN	48	0.00375	0.925926
1	2	DTOUT	DTIN	50	0.00375	0.916667
1	2	DTOUT	DTIN	52	0.00325	0.87931
1	2	DTOUT	DTIN	54	0.00375	0.890625
1	2	DTOUT	DTIN	56	0.00325	0.928571
1	2	DTOUT	DTIN	58	0.00275	0.904762
1	2	DTOUT	DTIN	60	0.00325	0.905882
1	2	DTOUT	DTIN	62	0.00375	0.904762
1	2	DTOUT	DTIN	64	0.00425	0.905405
1	2	DTOUT	DTIN	66	0.00425	0.902439
1	2	DTOUT	DTIN	68	0.00225	0.875
1	2	DTOUT	DTIN	70	0.00225	0.893333
1	2	DTOUT	DTIN	72	0.00475	0.915663
1	2	DTOUT	DTIN	74	0.00225	0.892857
1	2	DTOUT	DTIN	76	0.00225	0.92
1	2	DTOUT	DTIN	78	0.00225	0.898876
1	2	DTOUT	DTIN	80	0.00225	0.906977
1	2	DTOUT	DTIN	82	0.00375	0.903614
1	2	DTOUT	DTIN	84	0.00225	0.918919
1	2	DTOUT	DTIN	86	0.00225	0.913043
1	2	DTOUT	DTIN	88	0.00275	0.9
1	2	DTOUT	DTIN	90	0.00375	0.910256
1	2	DTOUT	DTIN	92	0.00175	0.891892
1	2	DTOUT	DTIN	94	0.00175	0.931818
1	2	DTOUT	DTIN	96	0.00425	0.90411
1	2	DTOUT	DTIN	98	0.00275	0.910256
1	2	DTOUT	DTIN	100	0.00175	0.908046
1	2	DTOUT	DTIN	102	0.00475	0.894737
1	2	DTOUT	DTIN	104	0.00525	0.893333
1	2	DTOUT	DTIN	106	0.00225	0.910256
1	2	DTOUT	DTIN	108	0.00175	0.92
1	2	DTOUT	DTIN	110	0.00175	0.901099
1	2	DTOUT	DTIN	112	0.00725	0.893939
1	2	DTOUT	DTIN	114	0.00175	0.912088
1	2	DTOUT	DTIN	116	0.00575	0.910112
1	2	DTOUT	DTIN	118	0.00425	0.885417
1	2	DTOUT	DTOUT	0	0.05025	0
1	2	DTOUT	DTOUT	2	0.05025	0
1	2	DTOUT	DTOUT	4	0.04925	1
1	2	DTOUT	DTOUT	6	0.03625	0.909091
1	2	DTOUT	DTOUT	8	0.02625	0.88
1	2	DTOUT	DTOUT	10	0.02425	0.888889
1	2	DTOUT	DTOUT	12	0.01825	0.88
1	2	DTOUT	DTOUT	14	0.01575	0.904762
1	2	DTOUT	DTOUT	16	0.01275	0.939394
1	2	DTOUT	DTOUT	18	0.01125	0.892857
1	2	DTOUT	DTOUT	20	0.01025	0.962963
1	2	DTOUT	DTOUT	22	0.00975	0.894737
1	2	DTOUT	DTOUT	24	0.00875	0.884615
1	2	DTOUT	DTOUT	26	0.00825	0.894737
1	2	DTOUT	DTOUT	28	0.00825	0.965517
1	2	DTOUT	DTOUT	30	0.00825	0.888889
1	2	DTOUT	DTOUT	32	0.00675	0.857143
1	2	DTOUT	DTOUT	34	0.00675	0.925926
1	2	DTOUT	DTOUT	36	0.00675	0.944444
1	2	DTOUT	DTOUT	38	0.00575	0.866667
1	2	DTOUT	DTOUT	40	0.00525	0.926829
1	2	DTOUT	DTOUT	42	0.00525	0.891892
1	2	DTOUT	DTOUT	44	0.00825	0.911765
1	2	DTOUT	DTOUT	46	0.00475	0.928571
1	2	DTOUT	DTOUT	48	0.00425	0.894737
1	2	DTOUT	DTOUT	50	0.00425	0.944444
1	2	DTOUT	DTOUT	52	0.00425	0.906977
1	2	DTOUT	DTOUT	54	0.00425	0.971429
1	2	DTOUT	DTOUT	56	0.00425	0.911765
1	2	DTOUT	DTOUT	58	0.00375	0.974359
1	2	DTOUT	DTOUT	60	0.00375	0.925
1	2	DTOUT	DTOUT	62	0.00375	0.902439
1	2	DTOUT	DTOUT	64	0.00325	0.888889
1	2	DTOUT	DTOUT	66	0.00325	0.911765
1	2	DTOUT	DTOUT	68	0.00375	0.9
1	2	DTOUT	DTOUT	70	0.00325	0.906977
1	2	DTOUT	DTOUT	72	0.00625	0.909091
1	2	DTOUT	DTOUT	74	0.00525	0.895833
1	2	DTOUT	DTOUT	76	0.00425	0.906977
1	2	DTOUT	DTOUT	78	0.00325	0.886364
1	2	DTOUT	DTOUT	80	0.00375	0.913043
1	2	DTOUT	DTOUT	82	0.00425	0.893617
1	2	DTOUT	DTOUT	84	0.00675	0.891892
1	2	DTOUT	DTOUT	86	0.00275	0.897959
1	2	DTOUT	DTOUT	88	0.00275	0.909091
1	2	DTOUT	DTOUT	90	0.00225	0.891304
1	2	DTOUT	DTOUT	92	0.00775	0.9
1	2	DTOUT	DTOUT	94	0.00325	0.894737
1	2	DTOUT	DTOUT	96	0.00825	0.907407
1	2	DTOUT	DTOUT	98	0.00475	0.911765
1	2	DTOUT	DTOUT	100	0.00225	0.90566
1	2	DTOUT	DTOUT	102	0.00225	0.893617
1	2	DTOUT	DTOUT	104	0.00525	0.893617
1	2	DTOUT	DTOUT	106	0.00275	0.907407
1	2	DTOUT	DTOUT	108	0.00225	0.934783
1	2	DTOUT	DTOUT	110	0.00475	0.891304
1	2	DTOUT	DTOUT	112	0.00275	0.910714
1	2	DTOUT	DTOUT	114	0.00175	0.84375
1	2	DTOUT	DTOUT	116	0.00725	0.903846
1	2	DTOUT	DTOUT	118	0.00625	0.909091
