1	2	DTCORR	DTCORR	0	0.05025	0
1	2	DTCORR	DTCORR	2	0.05025	0
1	2	DTCORR	DTCORR	4	0.02675	1
1	2	DTCORR	DTCORR	6	0.02875	0.885714
1	2	DTCORR	DTCORR	8	0.02675	0.899666
1	2	DTCORR	DTCORR	10	0.02225	0.909747
1	2	DTCORR	DTCORR	12	0.01875	0.907341
1	2	DTCORR	DTCORR	14	0.01575	0.888588
1	2	DTCORR	DTCORR	16	0.01375	0.91412
1	2	DTCORR	DTCORR	18	0.01225	0.913431
1	2	DTCORR	DTCORR	20	0.01075	0.872908
1	2	DTCORR	DTCORR	22	0.01025	0.947039
1	2	DTCORR	DTCORR	24	0.00925	0.906628
1	2	DTCORR	DTCORR	26	0.00875	0.928778
1	2	DTCORR	DTCORR	28	0.00775	0.879828
1	2	DTCORR	DTCORR	30	0.00725	0.876089
1	2	DTCORR	DTCORR	32	0.00675	0.8734
1	2	DTCORR	DTCORR	34	0.00675	0.943306
1	2	DTCORR	DTCORR	36	0.00625	0.923434
1	2	DTCORR	DTCORR	38	0.00575	0.894933
1	2	DTCORR	DTCORR	40	0.00575	0.949402
1	2	DTCORR	DTCORR	42	0.00525	0.901639
1	2	DTCORR	DTCORR	44	0.00525	0.95194
1	2	DTCORR	DTCORR	46	0.00475	0.910837
1	2	DTCORR	DTCORR	48	0.00475	0.948559
1	2	DTCORR	DTCORR	50	0.00425	0.863837
1	2	DTCORR	DTCORR	52	0.00425	0.918594
1	2	DTCORR	DTCORR	54	0.00425	0.951642
1	2	DTCORR	DTCORR	56	0.00375	0.858643
1	2	DTCORR	DTCORR	58	0.00375	0.912068
1	2	DTCORR	DTCORR	60	0.00375	0.940365
1	2	DTCORR	DTCORR	62	0.00375	0.960462
1	2	DTCORR	DTCORR	64	0.00325	0.857209
1	2	DTCORR	DTCORR	66	0.00325	0.906236
1	2	DTCORR	DTCORR	68	0.00325	0.929602
1	2	DTCORR	DTCORR	70	0.00325	0.953173
1	2	DTCORR	DTCORR	72	0.00325	0.962545
1	2	DTCORR	DTCORR	74	0.00275	0.852257
1	2	DTCORR	DTCORR	76	0.00275	0.87788
1	2	DTCORR	DTCORR	78	0.00275	0.907347
1	2	DTCORR	DTCORR	80	0.00275	0.938604
1	2	DTCORR	DTCORR	82	0.00275	0.944494
1	2	DTCORR	DTCORR	84	0.00275	0.954753
1	2	DTCORR	DTCORR	86	0.00275	0.972554
1	2	DTCORR	DTCORR	88	0.00275	0.973455
1	2	DTCORR	DTCORR	90	0.00225	0.860053
1	2	DTCORR	DTCORR	92	0.00225	0.874827
1	2	DTCORR	DTCORR	94	0.00225	0.905947
1	2	DTCORR	DTCORR	96	0.00225	0.931877
1	2	DTCORR	DTCORR	98	0.00225	0.93411
1	2	DTCORR	DTCORR	100	0.00225	0.955204
1	2	DTCORR	DTCORR	102	0.00225	0.957918
1	2	DTCORR	DTCORR	104	0.00225	0.964058
1	2	DTCORR	DTCORR	106	0.00225	0.973447
1	2	DTCORR	DTCORR	108	0.00225	0.974689
1	2	DTCORR	DTCORR	110	0.00225	0.978558
1	2	DTCORR	DTCORR	112	0.00175	0.84225
1	2	DTCORR	DTCORR	114	0.00175	0.864232
1	2	DTCORR	DTCORR	116	0.00175	0.880319
1	2	DTCORR	DTCORR	118	0.00175	0.90754
1	2	DTCORR	DTIN	0	0.05025	0
1	2	DTCORR	DTIN	2	0.05025	0
1	2	DTCORR	DTIN	4	0.05025	0
1	2	DTCORR	DTIN	6	0.02975	0.833333
1	2	DTCORR	DTIN	8	0.02275	0.891892
1	2	DTCORR	DTIN	10	0.01975	0.907216
1	2	DTCORR	DTIN	12	0.01675	0.917864
1	2	DTCORR	DTIN	14	0.01375	0.904398
1	2	DTCORR	DTIN	16	0.01225	0.921818
1	2	DTCORR	DTIN	18	0.01075	0.902269
1	2	DTCORR	DTIN	20	0.00975	0.91115
1	2	DTCORR	DTIN	22	0.00875	0.89644
1	2	DTCORR	DTIN	24	0.00775	0.878834
1	2	DTCORR	DTIN	26	0.00725	0.860063
1	2	DTCORR	DTIN	28	0.00675	0.865931
1	2	DTCORR	DTIN	30	0.00625	0.868902
1	2	DTCORR	DTIN	32	0.00625	0.949772
1	2	DTCORR	DTIN	34	0.00575	0.912637
1	2	DTCORR	DTIN	36	0.00525	0.886819
1	2	DTCORR	DTIN	38	0.00525	0.93816
1	2	DTCORR	DTIN	40	0.00475	0.909859
1	2	DTCORR	DTIN	42	0.00475	0.956522
1	2	DTCORR	DTIN	44	0.00425	0.878419
1	2	DTCORR	DTIN	46	0.00425	0.918623
1	2	DTCORR	DTIN	48	0.00425	0.959337
1	2	DTCORR	DTIN	50	0.00375	0.897872
1	2	DTCORR	DTIN	52	0.00375	0.936141
1	2	DTCORR	DTIN	54	0.00375	0.961318
1	2	DTCORR	DTIN	56	0.00325	0.874465
1	2	DTCORR	DTIN	58	0.00325	0.925457
1	2	DTCORR	DTIN	60	0.00325	0.948229
1	2	DTCORR	DTIN	62	0.00325	0.963746
1	2	DTCORR	DTIN	64	0.00275	0.835635
1	2	DTCORR	DTIN	66	0.00275	0.879104
1	2	DTCORR	DTIN	68	0.00275	0.891813
1	2	DTCORR	DTIN	70	0.00275	0.942308
1	2	DTCORR	DTIN	72	0.00275	0.942857
1	2	DTCORR	DTIN	74	0.00275	0.95584
1	2	DTCORR	DTIN	76	0.00275	0.952448
1	2	DTCORR	DTIN	78	0.00275	0.960159
1	2	DTCORR	DTIN	80	0.00225	0.899301
1	2	DTCORR	DTIN	82	0.00225	0.914439
1	2	DTCORR	DTIN	84	0.00225	0.924222
1	2	DTCORR	DTIN	86	0.00225	0.957983
1	2	DTCORR	DTIN	88	0.00225	0.94775
1	2	DTCORR	DTIN	90	0.00225	0.956028
1	2	DTCORR	DTIN	92	0.00225	0.95537
1	2	DTCORR	DTIN	94	0.00225	0.960926
1	2	DTCORR	DTIN	96	0.00225	0.963464
1	2	DTCORR	DTIN	98	0.00175	0.859331
1	2	DTCORR	DTIN	100	0.00175	0.889193
1	2	DTCORR	DTIN	102	0.00175	0.922636
1	2	DTCORR	DTIN	104	0.00175	0.930801
1	2	DTCORR	DTIN	106	0.00175	0.919946
1	2	DTCORR	DTIN	108	0.00175	0.929239
1	2	DTCORR	DTIN	110	0.00175	0.942228
1	2	DTCORR	DTIN	112	0.00175	0.939058
1	2	DTCORR	DTIN	114	0.00175	0.94046
1	2	DTCORR	DTIN	116	0.00175	0.96345
1	2	DTCORR	DTIN	118	0.00175	0.955862
1	2	DTCORR	DTOUT	0	0.05025	0
1	2	DTCORR	DTOUT	2	0.05025	0
1	2	DTCORR	DTOUT	4	0.03475	1
1	2	DTCORR	DTOUT	6	0.05025	0
1	2	DTCORR	DTOUT	8	0.02975	0.897436
1	2	DTCORR	DTOUT	10	0.02425	0.904762
1	2	DTCORR	DTOUT	12	0.01975	0.858974
1	2	DTCORR	DTOUT	14	0.01725	0.904762
1	2	DTCORR	DTOUT	16	0.01475	0.888889
1	2	DTCORR	DTOUT	18	0.01325	0.868687
1	2	DTCORR	DTOUT	20	0.01125	0.875
1	2	DTCORR	DTOUT	22	0.01175	0.913978
1	2	DTCORR	DTOUT	24	0.01025	0.907895
1	2	DTCORR	DTOUT	26	0.00925	0.894231
1	2	DTCORR	DTOUT	28	0.00875	0.892157
1	2	DTCORR	DTOUT	30	0.00775	0.884211
1	2	DTCORR	DTOUT	32	0.00725	0.859813
1	2	DTCORR	DTOUT	34	0.00725	0.9375
1	2	DTCORR	DTOUT	36	0.00675	0.880734
1	2	DTCORR	DTOUT	38	0.00625	0.877358
1	2	DTCORR	DTOUT	40	0.00625	0.938596
1	2	DTCORR	DTOUT	42	0.00625	0.944444
1	2	DTCORR	DTOUT	44	0.00575	0.918699
1	2	DTCORR	DTOUT	46	0.00525	0.907216
1	2	DTCORR	DTOUT	48	0.00475	0.861386
1	2	DTCORR	DTOUT	50	0.00475	0.924528
1	2	DTCORR	DTOUT	52	0.00475	0.945736
1	2	DTCORR	DTOUT	54	0.00475	0.930435
1	2	DTCORR	DTOUT	56	0.00425	0.920354
1	2	DTCORR	DTOUT	58	0.00425	0.938931
1	2	DTCORR	DTOUT	60	0.00375	0.889908
1	2	DTCORR	DTOUT	62	0.00375	0.90566
1	2	DTCORR	DTOUT	64	0.00375	0.913043
1	2	DTCORR	DTOUT	66	0.00375	0.953125
1	2	DTCORR	DTOUT	68	0.00375	0.944882
1	2	DTCORR	DTOUT	70	0.00325	0.938596
1	2	DTCORR	DTOUT	72	0.00325	0.881944
1	2	DTCORR	DTOUT	74	0.00325	0.94958
1	2	DTCORR	DTOUT	76	0.00325	0.945312
1	2	DTCORR	DTOUT	78	0.00325	0.96124
1	2	DTCORR	DTOUT	80	0.00325	0.916667
1	2	DTCORR	DTOUT	82	0.00325	0.931298
1	2	DTCORR	DTOUT	84	0.00325	0.92126
1	2	DTCORR	DTOUT	86	0.00275	0.865079
1	2	DTCORR	DTOUT	88	0.00275	0.911765
1	2	DTCORR	DTOUT	90	0.00275	0.915385
1	2	DTCORR	DTOUT	92	0.00275	0.929134
1	2	DTCORR	DTOUT	94	0.00275	0.960317
1	2	DTCORR	DTOUT	96	0.00275	0.934959
1	2	DTCORR	DTOUT	98	0.00225	0.864286
1	2	DTCORR	DTOUT	100	0.00225	0.88189
1	2	DTCORR	DTOUT	102	0.00225	0.873016
1	2	DTCORR	DTOUT	104	0.00225	0.912
1	2	DTCORR	DTOUT	106	0.00275	0.907285
1	2	DTCORR	DTOUT	108	0.00225	0.925
1	2	DTCORR	DTOUT	110	0.00225	0.928571
1	2	DTCORR	DTOUT	112	0.00225	0.944828
1	2	DTCORR	DTOUT	114	0.00225	0.914894
1	2	DTCORR	DTOUT	116	0.00225	0.931298
1	2	DTCORR	DTOUT	118	0.00225	0.931034
1	2	DTIN	DTCORR	0	0.05025	0
1	2	DTIN	DTCORR	2	0.05025	0
1	2	DTIN	DTCORR	4	0.05025	0
1	2	DTIN	DTCORR	6	0.03375	1
1	2	DTIN	DTCORR	8	0.03125	0.916667
1	2	DTIN	DTCORR	10	0.02625	0.885714
1	2	DTIN	DTCORR	12	0.02025	0.909091
1	2	DTIN	DTCORR	14	0.01725	0.891304
1	2	DTIN	DTCORR	16	0.01525	0.9
1	2	DTIN	DTCORR	18	0.01375	0.895105
1	2	DTIN	DTCORR	20	0.01225	0.901639
1	2	DTIN	DTCORR	22	0.01075	0.885714
1	2	DTIN	DTCORR	24	0.01025	0.905063
1	2	DTIN	DTCORR	26	0.00925	0.906077
1	2	DTIN	DTCORR	28	0.00875	0.890547
1	2	DTIN	DTCORR	30	0.00825	0.913462
1	2	DTIN	DTCORR	32	0.00775	0.913295
1	2	DTIN	DTCORR	34	0.00725	0.909091
1	2	DTIN	DTCORR	36	0.00675	0.877358
1	2	DTIN	DTCORR	38	0.00675	0.922414
1	2	DTIN	DTCORR	40	0.00625	0.880531
1	2	DTIN	DTCORR	42	0.00625	0.945205
1	2	DTIN	DTCORR	44	0.00575	0.925311
1	2	DTIN	DTCORR	46	0.00525	0.890756
1	2	DTIN	DTCORR	48	0.00525	0.917749
1	2	DTIN	DTCORR	50	0.00525	0.925926
1	2	DTIN	DTCORR	52	0.00475	0.873239
1	2	DTIN	DTCORR	54	0.00475	0.928
1	2	DTIN	DTCORR	56	0.00425	0.865116
1	2	DTIN	DTCORR	58	0.00425	0.876652
1	2	DTIN	DTCORR	60	0.00475	0.919283
1	2	DTIN	DTCORR	62	0.00425	0.931915
1	2	DTIN	DTCORR	64	0.00375	0.880851
1	2	DTIN	DTCORR	66	0.00425	0.916058
1	2	DTIN	DTCORR	68	0.00375	0.89243
1	2	DTIN	DTCORR	70	0.00375	0.931818
1	2	DTIN	DTCORR	72	0.00375	0.925197
1	2	DTIN	DTCORR	74	0.00425	0.9125
1	2	DTIN	DTCORR	76	0.00325	0.886275
1	2	DTIN	DTCORR	78	0.00325	0.919679
1	2	DTIN	DTCORR	80	0.00325	0.877193
1	2	DTIN	DTCORR	82	0.00325	0.910448
1	2	DTIN	DTCORR	84	0.00325	0.927203
1	2	DTIN	DTCORR	86	0.00325	0.913725
1	2	DTIN	DTCORR	88	0.00275	0.877953
1	2	DTIN	DTCORR	90	0.00275	0.883534
1	2	DTIN	DTCORR	92	0.00325	0.91791
1	2	DTIN	DTCORR	94	0.00275	0.928302
1	2	DTIN	DTCORR	96	0.00275	0.894161
1	2	DTIN	DTCORR	98	0.00275	0.911263
1	2	DTIN	DTCORR	100	0.00275	0.90681
1	2	DTIN	DTCORR	102	0.00275	0.913858
1	2	DTIN	DTCORR	104	0.00275	0.930147
1	2	DTIN	DTCORR	106	0.00275	0.912088
1	2	DTIN	DTCORR	108	0.00225	0.858333
1	2	DTIN	DTCORR	110	0.00275	0.906367
1	2	DTIN	DTCORR	112	0.00275	0.917695
1	2	DTIN	DTCORR	114	0.00275	0.908197
1	2	DTIN	DTCORR	116	0.00225	0.891386
1	2	DTIN	DTCORR	118	0.00225	0.902256
1	2	DTIN	DTIN	0	0.05025	0
1	2	DTIN	DTIN	2	0.05025	0
1	2	DTIN	DTIN	4	0.05025	0
1	2	DTIN	DTIN	6	0.05025	0
1	2	DTIN	DTIN	8	0.02625	0.875
1	2	DTIN	DTIN	10	0.02075	0.933333
1	2	DTIN	DTIN	12	0.01825	0.891892
1	2	DTIN	DTIN	14	0.01625	0.90625
1	2	DTIN	DTIN	16	0.01375	0.9
1	2	DTIN	DTIN	18	0.01225	0.95
1	2	DTIN	DTIN	20	0.01125	0.916667
1	2	DTIN	DTIN	22	0.01125	0.894737
1	2	DTIN	DTIN	24	0.00925	0.933333
1	2	DTIN	DTIN	26	0.00875	0.948718
1	2	DTIN	DTIN	28	0.00825	0.875
1	2	DTIN	DTIN	30	0.00775	0.909091
1	2	DTIN	DTIN	32	0.00775	0.90625
1	2	DTIN	DTIN	34	0.00675	0.906977
1	2	DTIN	DTIN	36	0.00625	0.931818
1	2	DTIN	DTIN	38	0.00575	0.903846
1	2	DTIN	DTIN	40	0.00625	0.897959
1	2	DTIN	DTIN	42	0.00525	0.893617
1	2	DTIN	DTIN	44	0.00525	0.979167
1	2	DTIN	DTIN	46	0.00525	0.916667
1	2	DTIN	DTIN	48	0.00525	0.918033
1	2	DTIN	DTIN	50	0.00675	0.88
1	2	DTIN	DTIN	52	0.00475	0.903846
1	2	DTIN	DTIN	54	0.00425	0.863636
1	2	DTIN	DTIN	56	0.00525	0.909091
1	2	DTIN	DTIN	58	0.00375	0.893617
1	2	DTIN	DTIN	60	0.00425	0.923077
1	2	DTIN	DTIN	62	0.00375	0.916667
1	2	DTIN	DTIN	64	0.00425	0.888889
1	2	DTIN	DTIN	66	0.00375	0.895833
1	2	DTIN	DTIN	68	0.00375	0.9
1	2	DTIN	DTIN	70	0.00375	0.9
1	2	DTIN	DTIN	72	0.00325	0.909091
1	2	DTIN	DTIN	74	0.00425	0.892857
1	2	DTIN	DTIN	76	0.00325	0.946429
1	2	DTIN	DTIN	78	0.00275	0.839286
1	2	DTIN	DTIN	80	0.00325	0.886792
1	2	DTIN	DTIN	82	0.00525	0.907407
1	2	DTIN	DTIN	84	0.00325	0.901639
1	2	DTIN	DTIN	86	0.00725	0.898305
1	2	DTIN	DTIN	88	0.00275	0.927273
1	2	DTIN	DTIN	90	0.00275	0.915254
1	2	DTIN	DTIN	92	0.00275	0.915254
1	2	DTIN	DTIN	94	0.00575	0.901639
1	2	DTIN	DTIN	96	0.00425	0.9
1	2	DTIN	DTIN	98	0.00275	0.931507
1	2	DTIN	DTIN	100	0.00225	0.893617
1	2	DTIN	DTIN	102	0.00525	0.909091
1	2	DTIN	DTIN	104	0.00275	0.911765
1	2	DTIN	DTIN	106	0.00625	0.896552
1	2	DTIN	DTIN	108	0.00225	0.932203
1	2	DTIN	DTIN	110	0.00525	0.901408
1	2	DTIN	DTIN	112	0.00625	0.9
1	2	DTIN	DTIN	114	0.00225	0.92
1	2	DTIN	DTIN	116	0.00425	0.9
1	2	DTIN	DTIN	118	0.00225	0.966102
1	2	DTIN	DTOUT	0	0.05025	0
1	2	DTIN	DTOUT	2	0.05025	0
1	2	DTIN	DTOUT	4	0.05025	0
1	2	DTIN	DTOUT	6	0.05025	0
1	2	DTIN	DTOUT	8	0.02875	1
1	2	DTIN	DTOUT	10	0.02475	1
1	2	DTIN	DTOUT	12	0.01625	0.8
1	2	DTIN	DTOUT	14	0.01675	1
1	2	DTIN	DTOUT	16	0.01875	0.833333
1	2	DTIN	DTOUT	18	0.01825	0.888889
1	2	DTIN	DTOUT	20	0.01475	0.923077
1	2	DTIN	DTOUT	22	0.01175	0.916667
1	2	DTIN	DTOUT	24	0.01575	0.909091
1	2	DTIN	DTOUT	26	0.01475	0.909091
1	2	DTIN	DTOUT	28	0.03675	0.888889
1	2	DTIN	DTOUT	30	0.00825	1
1	2	DTIN	DTOUT	32	0.00925	0.9
1	2	DTIN	DTOUT	34	0.00925	0.916667
1	2	DTIN	DTOUT	36	0.00725	0.928571
1	2	DTIN	DTOUT	38	0.00625	0.8
1	2	DTIN	DTOUT	40	0.00625	0.933333
1	2	DTIN	DTOUT	42	0.00625	0.913043
1	2	DTIN	DTOUT	44	0.01075	0.882353
1	2	DTIN	DTOUT	46	0.00575	0.9
1	2	DTIN	DTOUT	48	0.00725	0.875
1	2	DTIN	DTOUT	50	0.00725	0.916667
1	2	DTIN	DTOUT	52	0.00875	0.875
1	2	DTIN	DTOUT	54	0.00775	0.892857
1	2	DTIN	DTOUT	56	0.00975	0.866667
1	2	DTIN	DTOUT	58	0.00425	0.9
1	2	DTIN	DTOUT	60	0.00475	0.866667
1	2	DTIN	DTOUT	62	0.00375	0.9
1	2	DTIN	DTOUT	64	0.00625	0.941176
1	2	DTIN	DTOUT	66	0.00375	0.947368
1	2	DTIN	DTOUT	68	0.00675	0.875
1	2	DTIN	DTOUT	70	0.00425	0.92
1	2	DTIN	DTOUT	72	0.00425	0.928571
1	2	DTIN	DTOUT	74	0.00375	0.882353
1	2	DTIN	DTOUT	76	0.00325	0.833333
1	2	DTIN	DTOUT	78	0.00825	0.9
1	2	DTIN	DTOUT	80	0.00375	0.9375
1	2	DTIN	DTOUT	82	0.01025	0.866667
1	2	DTIN	DTOUT	84	0.00625	0.904762
1	2	DTIN	DTOUT	86	0.00325	0.863636
1	2	DTIN	DTOUT	88	0.00325	0.941176
1	2	DTIN	DTOUT	90	0.00325	0.875
1	2	DTIN	DTOUT	92	0.00825	0.888889
1	2	DTIN	DTOUT	94	0.01025	0.866667
1	2	DTIN	DTOUT	96	0.00325	0.904762
1	2	DTIN	DTOUT	98	0.00225	0.9375
1	2	DTIN	DTOUT	100	0.01075	0.866667
1	2	DTIN	DTOUT	102	0.00275	0.916667
1	2	DTIN	DTOUT	104	0.00375	0.909091
1	2	DTIN	DTOUT	106	0.00275	0.944444
1	2	DTIN	DTOUT	108	0.00425	0.875
1	2	DTIN	DTOUT	110	0.00225	0.9375
1	2	DTIN	DTOUT	112	0.00725	0.882353
1	2	DTIN	DTOUT	114	0.00325	0.894737
1	2	DTIN	DTOUT	116	0.00425	0.916667
1	2	DTIN	DTOUT	118	0.00375	0.9
1	2	DTOUT	DTCORR	0	0.05025	0
1	2	DTOUT	DTCORR	2	0.05025	0
1	2	DTOUT	DTCORR	4	0.05025	0
1	2	DTOUT	DTCORR	6	0.02125	1
1	2	DTOUT	DTCORR	8	0.02325	0.88
1	2	DTOUT	DTCORR	10	0.01825	0.903846
1	2	DTOUT	DTCORR	12	0.01525	0.873239
1	2	DTOUT	DTCORR	14	0.01275	0.873418
1	2	DTOUT	DTCORR	16	0.01175	0.924051
1	2	DTOUT	DTCORR	18	0.00975	0.9
1	2	DTOUT	DTCORR	20	0.00875	0.898876
1	2	DTOUT	DTCORR	22	0.00825	0.917647
1	2	DTOUT	DTCORR	24	0.00775	0.939394
1	2	DTOUT	DTCORR	26	0.00725	0.947917
1	2	DTOUT	DTCORR	28	0.00675	0.943182
1	2	DTOUT	DTCORR	30	0.00625	0.903614
1	2	DTOUT	DTCORR	32	0.00575	0.939759
1	2	DTOUT	DTCORR	34	0.00525	0.88172
1	2	DTOUT	DTCORR	36	0.00475	0.860215
1	2	DTOUT	DTCORR	38	0.00525	0.910112
1	2	DTOUT	DTCORR	40	0.00475	0.897436
1	2	DTOUT	DTCORR	42	0.00475	0.915663
1	2	DTOUT	DTCORR	44	0.00425	0.89899
1	2	DTOUT	DTCORR	46	0.00425	0.912088
1	2	DTOUT	DTCORR	48	0.00425	0.912088
1	2	DTOUT	DTCORR	50	0.00375	0.887931
1	2	DTOUT	DTCORR	52	0.00375	0.907407
1	2	DTOUT	DTCORR	54	0.00375	0.927419
1	2	DTOUT	DTCORR	56	0.00375	0.904762
1	2	DTOUT	DTCORR	58	0.00375	0.904348
1	2	DTOUT	DTCORR	60	0.00375	0.895833
1	2	DTOUT	DTCORR	62	0.00425	0.893204
1	2	DTOUT	DTCORR	64	0.00275	0.885965
1	2	DTOUT	DTCORR	66	0.00325	0.904348
1	2	DTOUT	DTCORR	68	0.00275	0.882353
1	2	DTOUT	DTCORR	70	0.00275	0.940594
1	2	DTOUT	DTCORR	72	0.00275	0.940171
1	2	DTOUT	DTCORR	74	0.00275	0.93913
1	2	DTOUT	DTCORR	76	0.00275	0.933333
1	2	DTOUT	DTCORR	78	0.00225	0.854545
1	2	DTOUT	DTCORR	80	0.00275	0.930435
1	2	DTOUT	DTCORR	82	0.00325	0.903226
1	2	DTOUT	DTCORR	84	0.00325	0.907563
1	2	DTOUT	DTCORR	86	0.00225	0.932203
1	2	DTOUT	DTCORR	88	0.00225	0.888889
1	2	DTOUT	DTCORR	90	0.00425	0.9
1	2	DTOUT	DTCORR	92	0.00225	0.92437
1	2	DTOUT	DTCORR	94	0.00225	0.902439
1	2	DTOUT	DTCORR	96	0.00525	0.900901
1	2	DTOUT	DTCORR	98	0.00225	0.943089
1	2	DTOUT	DTCORR	100	0.00225	0.931818
1	2	DTOUT	DTCORR	102	0.00175	0.932836
1	2	DTOUT	DTCORR	104	0.00225	0.91791
1	2	DTOUT	DTCORR	106	0.00175	0.876923
1	2	DTOUT	DTCORR	108	0.00325	0.907563
1	2	DTOUT	DTCORR	110	0.00175	0.910569
1	2	DTOUT	DTCORR	112	0.00425	0.895105
1	2	DTOUT	DTCORR	114	0.00225	0.895652
1	2	DTOUT	DTCORR	116	0.00175	0.918367
1	2	DTOUT	DTCORR	118	0.00175	0.906475
1	2	DTOUT	DTIN	0	0.05025	0
1	2	DTOUT	DTIN	2	0.05025	0
1	2	DTOUT	DTIN	4	0.05025	0
1	2	DTOUT	DTIN	6	0.02125	1
1	2	DTOUT	DTIN	8	0.01725	0.9
1	2	DTOUT	DTIN	10	0.01425	0.875
1	2	DTOUT	DTIN	12	0.01225	0.913043
1	2	DTOUT	DTIN	14	0.01125	0.913043
1	2	DTOUT	DTIN	16	0.00975	0.916667
1	2	DTOUT	DTIN	18	0.00875	0.923077
1	2	DTOUT	DTIN	20	0.00775	1
1	2	DTOUT	DTIN	22	0.00675	0.885714
1	2	DTOUT	DTIN	24	0.00675	0.909091
1	2	DTOUT	DTIN	26	0.00575	0.875
1	2	DTOUT	DTIN	28	0.00575	0.923077
1	2	DTOUT	DTIN	30	0.00475	0.863636
1	2	DTOUT	DTIN	32	0.00525	0.931034
1	2	DTOUT	DTIN	34	0.00475	0.9
1	2	DTOUT	DTIN	36	0.00425	0.925
1	2	DTOUT	DTIN	38	0.00425	0.933333
1	2	DTOUT	DTIN	40	0.00375	0.90625
1	2	DTOUT	DTIN	42	0.00375	0.897436
1	2	DTOUT	DTIN	44	0.00375	0.930233
1	2	DTOUT	DTIN	46	0.00325	0.826087
1	2	DTOUT	DTIN	48	0.00325	0.884615
1	2	DTOUT	DTIN	50	0.00325	0.928571
1	2	DTOUT	DTIN	52	0.00325	0.896552
1	2	DTOUT	DTIN	54	0.00575	0.897436
1	2	DTOUT	DTIN	56	0.00725	0.891892
1	2	DTOUT	DTIN	58	0.00275	0.939394
1	2	DTOUT	DTIN	60	0.00275	0.972973
1	2	DTOUT	DTIN	62	0.00275	0.9
1	2	DTOUT	DTIN	64	0.00225	0.891304
1	2	DTOUT	DTIN	66	0.00225	0.911765
1	2	DTOUT	DTIN	68	0.00775	0.903226
1	2	DTOUT	DTIN	70	0.00275	0.904762
1	2	DTOUT	DTIN	72	0.00225	0.931818
1	2	DTOUT	DTIN	74	0.00225	0.966667
1	2	DTOUT	DTIN	76	0.00225	0.885714
1	2	DTOUT	DTIN	78	0.00225	0.9375
1	2	DTOUT	DTIN	80	0.00175	0.878788
1	2	DTOUT	DTIN	82	0.00225	0.894737
1	2	DTOUT	DTIN	84	0.00325	0.895833
1	2	DTOUT	DTIN	86	0.00225	0.911111
1	2	DTOUT	DTIN	88	0.00225	0.903226
1	2	DTOUT	DTIN	90	0.00225	0.904762
1	2	DTOUT	DTIN	92	0.01125	0.894737
1	2	DTOUT	DTIN	94	0.00175	0.928571
1	2	DTOUT	DTIN	96	0.00625	0.884615
1	2	DTOUT	DTIN	98	0.00175	0.945946
1	2	DTOUT	DTIN	100	0.00175	0.910714
1	2	DTOUT	DTIN	102	0.00175	0.909091
1	2	DTOUT	DTIN	104	0.00175	0.931818
1	2	DTOUT	DTIN	106	0.00525	0.9
1	2	DTOUT	DTIN	108	0.00175	0.934783
1	2	DTOUT	DTIN	110	0.00125	0.888889
1	2	DTOUT	DTIN	112	0.00275	0.888889
1	2	DTOUT	DTIN	114	0.00475	0.897436
1	2	DTOUT	DTIN	116	0.00325	0.904762
1	2	DTOUT	DTIN	118	0.00375	0.897959
1	2	DTOUT	DTOUT	0	0.05025	0
1	2	DTOUT	DTOUT	2	0.05025	0
1	2	DTOUT	DTOUT	4	0.05025	0
1	2	DTOUT	DTOUT	6	0.05025	0
1	2	DTOUT	DTOUT	8	0.05025	0
1	2	DTOUT	DTOUT	10	0.01925	1
1	2	DTOUT	DTOUT	12	0.01525	1
1	2	DTOUT	DTOUT	14	0.01075	1
1	2	DTOUT	DTOUT	16	0.00775	1
1	2	DTOUT	DTOUT	18	0.01525	0.8
1	2	DTOUT	DTOUT	20	0.00825	0.857143
1	2	DTOUT	DTOUT	22	0.00825	1
1	2	DTOUT	DTOUT	24	0.00875	0.833333
1	2	DTOUT	DTOUT	26	0.00725	1
1	2	DTOUT	DTOUT	28	0.00575	0.8
1	2	DTOUT	DTOUT	30	0.00675	0.857143
1	2	DTOUT	DTOUT	32	0.00475	1
1	2	DTOUT	DTOUT	34	0.01025	0.833333
1	2	DTOUT	DTOUT	36	0.00475	1
1	2	DTOUT	DTOUT	38	0.00825	0.833333
1	2	DTOUT	DTOUT	40	0.00425	1
1	2	DTOUT	DTOUT	42	0.00825	0.875
1	2	DTOUT	DTOUT	44	0.05025	0
1	2	DTOUT	DTOUT	46	0.01125	0.833333
1	2	DTOUT	DTOUT	48	0.02075	0.875
1	2	DTOUT	DTOUT	50	0.00625	0.8
1	2	DTOUT	DTOUT	52	0.00325	1
1	2	DTOUT	DTOUT	54	0.04275	1
1	2	DTOUT	DTOUT	56	0.00525	0.888889
1	2	DTOUT	DTOUT	58	0.00925	0.888889
1	2	DTOUT	DTOUT	60	0.00325	1
1	2	DTOUT	DTOUT	62	0.00375	1
1	2	DTOUT	DTOUT	64	0.00375	0.857143
1	2	DTOUT	DTOUT	66	0.00625	0.875
1	2	DTOUT	DTOUT	68	0.00275	0.875
1	2	DTOUT	DTOUT	70	0.02025	0.833333
1	2	DTOUT	DTOUT	72	0.00375	1
1	2	DTOUT	DTOUT	74	0.00725	0.916667
1	2	DTOUT	DTOUT	76	0.00275	1
1	2	DTOUT	DTOUT	78	0.00275	0.9
1	2	DTOUT	DTOUT	80	0.00275	1
1	2	DTOUT	DTOUT	82	0.00475	0.857143
1	2	DTOUT	DTOUT	84	0.01475	0.833333
1	2	DTOUT	DTOUT	86	0.00975	0.888889
1	2	DTOUT	DTOUT	88	0.00875	0.857143
1	2	DTOUT	DTOUT	90	0.01175	0.833333
1	2	DTOUT	DTOUT	92	0.00425	1
1	2	DTOUT	DTOUT	94	0.00625	0.857143
1	2	DTOUT	DTOUT	96	0.02025	0.875
1	2	DTOUT	DTOUT	98	0.00225	0.933333
1	2	DTOUT	DTOUT	100	0.00175	1
1	2	DTOUT	DTOUT	102	0.00175	0.8
1	2	DTOUT	DTOUT	104	0.01175	0.857143
1	2	DTOUT	DTOUT	106	0.00375	0.833333
1	2	DTOUT	DTOUT	108	0.02275	0.888889
1	2	DTOUT	DTOUT	110	0.00425	0.875
1	2	DTOUT	DTOUT	112	0.00625	0.875
1	2	DTOUT	DTOUT	114	0.00175	1
1	2	DTOUT	DTOUT	116	0.01825	0.857143
1	2	DTOUT	DTOUT	118	0.00475	0.888889
