1	2	DTCORR	DTCORR	0	0.05025	0
1	2	DTCORR	DTCORR	2	0.04775	0.8
1	2	DTCORR	DTCORR	4	0.04825	0.90042
1	2	DTCORR	DTCORR	6	0.04075	0.898975
1	2	DTCORR	DTCORR	8	0.02975	0.895332
1	2	DTCORR	DTCORR	10	0.02325	0.896058
1	2	DTCORR	DTCORR	12	0.01925	0.893207
1	2	DTCORR	DTCORR	14	0.01625	0.885457
1	2	DTCORR	DTCORR	16	0.01425	0.898932
1	2	DTCORR	DTCORR	18	0.01275	0.916474
1	2	DTCORR	DTCORR	20	0.01125	0.898127
1	2	DTCORR	DTCORR	22	0.01025	0.911266
1	2	DTCORR	DTCORR	24	0.00975	0.930418
1	2	DTCORR	DTCORR	26	0.00875	0.893468
1	2	DTCORR	DTCORR	28	0.00825	0.921373
1	2	DTCORR	DTCORR	30	0.00775	0.928824
1	2	DTCORR	DTCORR	32	0.00725	0.927555
1	2	DTCORR	DTCORR	34	0.00675	0.918314
1	2	DTCORR	DTCORR	36	0.00625	0.889882
1	2	DTCORR	DTCORR	38	0.00625	0.95648
1	2	DTCORR	DTCORR	40	0.00575	0.92808
1	2	DTCORR	DTCORR	42	0.00525	0.858729
1	2	DTCORR	DTCORR	44	0.00525	0.932944
1	2	DTCORR	DTCORR	46	0.00475	0.848661
1	2	DTCORR	DTCORR	48	0.00475	0.918997
1	2	DTCORR	DTCORR	50	0.00475	0.956284
1	2	DTCORR	DTCORR	52	0.00425	0.882149
1	2	DTCORR	DTCORR	54	0.00425	0.932881
1	2	DTCORR	DTCORR	56	0.00425	0.960242
1	2	DTCORR	DTCORR	58	0.00375	0.857168
1	2	DTCORR	DTCORR	60	0.00375	0.913015
1	2	DTCORR	DTCORR	62	0.00375	0.943333
1	2	DTCORR	DTCORR	64	0.00375	0.96504
1	2	DTCORR	DTCORR	66	0.00325	0.835672
1	2	DTCORR	DTCORR	68	0.00325	0.888501
1	2	DTCORR	DTCORR	70	0.00325	0.926898
1	2	DTCORR	DTCORR	72	0.00325	0.950027
1	2	DTCORR	DTCORR	74	0.00325	0.964759
1	2	DTCORR	DTCORR	76	0.00325	0.97469
1	2	DTCORR	DTCORR	78	0.00275	0.850488
1	2	DTCORR	DTCORR	80	0.00275	0.891086
1	2	DTCORR	DTCORR	82	0.00275	0.923395
1	2	DTCORR	DTCORR	84	0.00275	0.943986
1	2	DTCORR	DTCORR	86	0.00275	0.956837
1	2	DTCORR	DTCORR	88	0.00275	0.967227
1	2	DTCORR	DTCORR	90	0.00275	0.973194
1	2	DTCORR	DTCORR	92	0.00275	0.978079
1	2	DTCORR	DTCORR	94	0.00225	0.840416
1	2	DTCORR	DTCORR	96	0.00225	0.875242
1	2	DTCORR	DTCORR	98	0.00225	0.900109
1	2	DTCORR	DTCORR	100	0.00225	0.920098
1	2	DTCORR	DTCORR	102	0.00225	0.941
1	2	DTCORR	DTCORR	104	0.00225	0.951508
1	2	DTCORR	DTCORR	106	0.00225	0.955285
1	2	DTCORR	DTCORR	108	0.00225	0.966646
1	2	DTCORR	DTCORR	110	0.00225	0.968551
1	2	DTCORR	DTCORR	112	0.00225	0.972205
1	2	DTCORR	DTCORR	114	0.00225	0.975687
1	2	DTCORR	DTCORR	116	0.00225	0.977839
1	2	DTCORR	DTCORR	118	0.00225	0.979527
1	2	DTCORR	DTIN	0	0.05025	0
1	2	DTCORR	DTIN	2	0.02775	1
1	2	DTCORR	DTIN	4	0.04725	0.909283
1	2	DTCORR	DTIN	6	0.03575	0.89129
1	2	DTCORR	DTIN	8	0.02575	0.901813
1	2	DTCORR	DTIN	10	0.02025	0.879602
1	2	DTCORR	DTIN	12	0.01675	0.886262
1	2	DTCORR	DTIN	14	0.01425	0.891207
1	2	DTCORR	DTIN	16	0.01225	0.877378
1	2	DTCORR	DTIN	18	0.01125	0.926001
1	2	DTCORR	DTIN	20	0.01025	0.945211
1	2	DTCORR	DTIN	22	0.00925	0.922373
1	2	DTCORR	DTIN	24	0.00825	0.876309
1	2	DTCORR	DTIN	26	0.00775	0.895607
1	2	DTCORR	DTIN	28	0.00725	0.913739
1	2	DTCORR	DTIN	30	0.00675	0.908179
1	2	DTCORR	DTIN	32	0.00625	0.89337
1	2	DTCORR	DTIN	34	0.00575	0.86524
1	2	DTCORR	DTIN	36	0.00575	0.928803
1	2	DTCORR	DTIN	38	0.00525	0.887951
1	2	DTCORR	DTIN	40	0.00525	0.944734
1	2	DTCORR	DTIN	42	0.00475	0.8971
1	2	DTCORR	DTIN	44	0.00475	0.936799
1	2	DTCORR	DTIN	46	0.00425	0.871103
1	2	DTCORR	DTIN	48	0.00425	0.922838
1	2	DTCORR	DTIN	50	0.00425	0.94743
1	2	DTCORR	DTIN	52	0.00375	0.870639
1	2	DTCORR	DTIN	54	0.00375	0.907298
1	2	DTCORR	DTIN	56	0.00375	0.941085
1	2	DTCORR	DTIN	58	0.00375	0.955556
1	2	DTCORR	DTIN	60	0.00325	0.877267
1	2	DTCORR	DTIN	62	0.00325	0.90695
1	2	DTCORR	DTIN	64	0.00325	0.939277
1	2	DTCORR	DTIN	66	0.00325	0.948377
1	2	DTCORR	DTIN	68	0.00325	0.953893
1	2	DTCORR	DTIN	70	0.00325	0.952134
1	2	DTCORR	DTIN	72	0.00275	0.886115
1	2	DTCORR	DTIN	74	0.00275	0.917157
1	2	DTCORR	DTIN	76	0.00275	0.940333
1	2	DTCORR	DTIN	78	0.00275	0.949883
1	2	DTCORR	DTIN	80	0.00275	0.947308
1	2	DTCORR	DTIN	82	0.00275	0.948289
1	2	DTCORR	DTIN	84	0.00275	0.953344
1	2	DTCORR	DTIN	86	0.00225	0.862271
1	2	DTCORR	DTIN	88	0.00225	0.882671
1	2	DTCORR	DTIN	90	0.00225	0.910126
1	2	DTCORR	DTIN	92	0.00225	0.91597
1	2	DTCORR	DTIN	94	0.00225	0.926024
1	2	DTCORR	DTIN	96	0.00225	0.935257
1	2	DTCORR	DTIN	98	0.00225	0.941829
1	2	DTCORR	DTIN	100	0.00225	0.93582
1	2	DTCORR	DTIN	102	0.00225	0.944529
1	2	DTCORR	DTIN	104	0.00225	0.94866
1	2	DTCORR	DTIN	106	0.00225	0.95613
1	2	DTCORR	DTIN	108	0.00225	0.948092
1	2	DTCORR	DTIN	110	0.00225	0.948524
1	2	DTCORR	DTIN	112	0.00175	0.868671
1	2	DTCORR	DTIN	114	0.00175	0.887803
1	2	DTCORR	DTIN	116	0.00175	0.895593
1	2	DTCORR	DTIN	118	0.00175	0.898044
1	2	DTCORR	DTOUT	0	0.05025	0
1	2	DTCORR	DTOUT	2	0.05025	0
1	2	DTCORR	DTOUT	4	0.04875	0.906137
1	2	DTCORR	DTOUT	6	0.04325	0.907129
1	2	DTCORR	DTOUT	8	0.03175	0.901867
1	2	DTCORR	DTOUT	10	0.02575	0.912711
1	2	DTCORR	DTOUT	12	0.02075	0.89995
1	2	DTCORR	DTOUT	14	0.01825	0.918947
1	2	DTCORR	DTOUT	16	0.01575	0.914217
1	2	DTCORR	DTOUT	18	0.01375	0.892182
1	2	DTCORR	DTOUT	20	0.01225	0.894453
1	2	DTCORR	DTOUT	22	0.01125	0.915229
1	2	DTCORR	DTOUT	24	0.01025	0.905229
1	2	DTCORR	DTOUT	26	0.00975	0.923679
1	2	DTCORR	DTOUT	28	0.00875	0.867049
1	2	DTCORR	DTOUT	30	0.00825	0.881348
1	2	DTCORR	DTOUT	32	0.00775	0.877193
1	2	DTCORR	DTOUT	34	0.00725	0.877783
1	2	DTCORR	DTOUT	36	0.00725	0.950505
1	2	DTCORR	DTOUT	38	0.00675	0.928848
1	2	DTCORR	DTOUT	40	0.00625	0.903027
1	2	DTCORR	DTOUT	42	0.00575	0.855086
1	2	DTCORR	DTOUT	44	0.00575	0.929665
1	2	DTCORR	DTOUT	46	0.00575	0.950758
1	2	DTCORR	DTOUT	48	0.00525	0.915177
1	2	DTCORR	DTOUT	50	0.00525	0.95266
1	2	DTCORR	DTOUT	52	0.00475	0.892775
1	2	DTCORR	DTOUT	54	0.00475	0.936567
1	2	DTCORR	DTOUT	56	0.00475	0.947217
1	2	DTCORR	DTOUT	58	0.00425	0.873406
1	2	DTCORR	DTOUT	60	0.00425	0.929428
1	2	DTCORR	DTOUT	62	0.00425	0.952223
1	2	DTCORR	DTOUT	64	0.00375	0.842959
1	2	DTCORR	DTOUT	66	0.00375	0.894737
1	2	DTCORR	DTOUT	68	0.00375	0.922565
1	2	DTCORR	DTOUT	70	0.00375	0.943309
1	2	DTCORR	DTOUT	72	0.00375	0.958583
1	2	DTCORR	DTOUT	74	0.00325	0.840237
1	2	DTCORR	DTOUT	76	0.00325	0.881848
1	2	DTCORR	DTOUT	78	0.00325	0.91192
1	2	DTCORR	DTOUT	80	0.00325	0.933958
1	2	DTCORR	DTOUT	82	0.00325	0.95376
1	2	DTCORR	DTOUT	84	0.00325	0.956502
1	2	DTCORR	DTOUT	86	0.00325	0.963713
1	2	DTCORR	DTOUT	88	0.00275	0.850602
1	2	DTCORR	DTOUT	90	0.00275	0.88102
1	2	DTCORR	DTOUT	92	0.00275	0.909006
1	2	DTCORR	DTOUT	94	0.00275	0.926423
1	2	DTCORR	DTOUT	96	0.00275	0.932557
1	2	DTCORR	DTOUT	98	0.00275	0.941256
1	2	DTCORR	DTOUT	100	0.00275	0.957398
1	2	DTCORR	DTOUT	102	0.00275	0.954725
1	2	DTCORR	DTOUT	104	0.00275	0.961746
1	2	DTCORR	DTOUT	106	0.00275	0.963294
1	2	DTCORR	DTOUT	108	0.00225	0.856122
1	2	DTCORR	DTOUT	110	0.00225	0.880897
1	2	DTCORR	DTOUT	112	0.00225	0.906236
1	2	DTCORR	DTOUT	114	0.00225	0.911884
1	2	DTCORR	DTOUT	116	0.00225	0.927978
1	2	DTCORR	DTOUT	118	0.00225	0.92749
1	2	DTIN	DTCORR	0	0.05025	0
1	2	DTIN	DTCORR	2	0.03875	1
1	2	DTIN	DTCORR	4	0.04875	0.90678
1	2	DTIN	DTCORR	6	0.04525	0.897485
1	2	DTIN	DTCORR	8	0.03425	0.903323
1	2	DTIN	DTCORR	10	0.02725	0.903925
1	2	DTIN	DTCORR	12	0.02225	0.915843
1	2	DTIN	DTCORR	14	0.01875	0.888814
1	2	DTIN	DTCORR	16	0.01675	0.916695
1	2	DTIN	DTCORR	18	0.01475	0.918875
1	2	DTIN	DTCORR	20	0.01325	0.925359
1	2	DTIN	DTCORR	22	0.01175	0.899754
1	2	DTIN	DTCORR	24	0.01075	0.903834
1	2	DTIN	DTCORR	26	0.01025	0.932812
1	2	DTIN	DTCORR	28	0.00925	0.866997
1	2	DTIN	DTCORR	30	0.00875	0.897327
1	2	DTIN	DTCORR	32	0.00825	0.907351
1	2	DTIN	DTCORR	34	0.00775	0.905434
1	2	DTIN	DTCORR	36	0.00725	0.898634
1	2	DTIN	DTCORR	38	0.00675	0.872727
1	2	DTIN	DTCORR	40	0.00675	0.933728
1	2	DTIN	DTCORR	42	0.00625	0.898972
1	2	DTIN	DTCORR	44	0.00625	0.944119
1	2	DTIN	DTCORR	46	0.00575	0.921551
1	2	DTIN	DTCORR	48	0.00525	0.864275
1	2	DTIN	DTCORR	50	0.00525	0.909697
1	2	DTIN	DTCORR	52	0.00525	0.940336
1	2	DTIN	DTCORR	54	0.00475	0.888019
1	2	DTIN	DTCORR	56	0.00475	0.930332
1	2	DTIN	DTCORR	58	0.00475	0.94614
1	2	DTIN	DTCORR	60	0.00425	0.886213
1	2	DTIN	DTCORR	62	0.00425	0.922962
1	2	DTIN	DTCORR	64	0.00425	0.926589
1	2	DTIN	DTCORR	66	0.00425	0.942588
1	2	DTIN	DTCORR	68	0.00375	0.87715
1	2	DTIN	DTCORR	70	0.00375	0.912068
1	2	DTIN	DTCORR	72	0.00375	0.930074
1	2	DTIN	DTCORR	74	0.00375	0.939861
1	2	DTIN	DTCORR	76	0.00325	0.857534
1	2	DTIN	DTCORR	78	0.00325	0.879413
1	2	DTIN	DTCORR	80	0.00325	0.89973
1	2	DTIN	DTCORR	82	0.00325	0.917345
1	2	DTIN	DTCORR	84	0.00325	0.933037
1	2	DTIN	DTCORR	86	0.00325	0.942405
1	2	DTIN	DTCORR	88	0.00325	0.948656
1	2	DTIN	DTCORR	90	0.00275	0.857807
1	2	DTIN	DTCORR	92	0.00275	0.889888
1	2	DTIN	DTCORR	94	0.00275	0.909198
1	2	DTIN	DTCORR	96	0.00275	0.907509
1	2	DTIN	DTCORR	98	0.00275	0.932993
1	2	DTIN	DTCORR	100	0.00275	0.935303
1	2	DTIN	DTCORR	102	0.00275	0.938907
1	2	DTIN	DTCORR	104	0.00275	0.939829
1	2	DTIN	DTCORR	106	0.00275	0.946349
1	2	DTIN	DTCORR	108	0.00275	0.940923
1	2	DTIN	DTCORR	110	0.00225	0.869308
1	2	DTIN	DTCORR	112	0.00225	0.885141
1	2	DTIN	DTCORR	114	0.00225	0.897167
1	2	DTIN	DTCORR	116	0.00225	0.911264
1	2	DTIN	DTCORR	118	0.00225	0.922229
1	2	DTIN	DTIN	0	0.05025	0
1	2	DTIN	DTIN	2	0.05025	0
1	2	DTIN	DTIN	4	0.04825	0.862069
1	2	DTIN	DTIN	6	0.04475	0.894009
1	2	DTIN	DTIN	8	0.03125	0.919298
1	2	DTIN	DTIN	10	0.02525	0.906355
1	2	DTIN	DTIN	12	0.02025	0.892966
1	2	DTIN	DTIN	14	0.01725	0.916409
1	2	DTIN	DTIN	16	0.01525	0.906344
1	2	DTIN	DTIN	18	0.01375	0.920228
1	2	DTIN	DTIN	20	0.01175	0.878531
1	2	DTIN	DTIN	22	0.01075	0.908832
1	2	DTIN	DTIN	24	0.01025	0.925714
1	2	DTIN	DTIN	26	0.00925	0.905292
1	2	DTIN	DTIN	28	0.00875	0.910891
1	2	DTIN	DTIN	30	0.00825	0.888889
1	2	DTIN	DTIN	32	0.00775	0.915567
1	2	DTIN	DTIN	34	0.00725	0.908616
1	2	DTIN	DTIN	36	0.00675	0.910026
1	2	DTIN	DTIN	38	0.00675	0.918159
1	2	DTIN	DTIN	40	0.00625	0.92562
1	2	DTIN	DTIN	42	0.00575	0.880102
1	2	DTIN	DTIN	44	0.00575	0.920988
1	2	DTIN	DTIN	46	0.00525	0.896226
1	2	DTIN	DTIN	48	0.00525	0.908163
1	2	DTIN	DTIN	50	0.00525	0.914508
1	2	DTIN	DTIN	52	0.00475	0.94086
1	2	DTIN	DTIN	54	0.00475	0.90625
1	2	DTIN	DTIN	56	0.00425	0.884211
1	2	DTIN	DTIN	58	0.00425	0.917808
1	2	DTIN	DTIN	60	0.00425	0.909326
1	2	DTIN	DTIN	62	0.00425	0.928375
1	2	DTIN	DTIN	64	0.00375	0.894309
1	2	DTIN	DTIN	66	0.00375	0.921519
1	2	DTIN	DTIN	68	0.00375	0.904255
1	2	DTIN	DTIN	70	0.00375	0.891626
1	2	DTIN	DTIN	72	0.00375	0.898263
1	2	DTIN	DTIN	74	0.00375	0.9075
1	2	DTIN	DTIN	76	0.00325	0.880779
1	2	DTIN	DTIN	78	0.00325	0.909091
1	2	DTIN	DTIN	80	0.00325	0.904878
1	2	DTIN	DTIN	82	0.00325	0.912281
1	2	DTIN	DTIN	84	0.00325	0.917847
1	2	DTIN	DTIN	86	0.00325	0.905237
1	2	DTIN	DTIN	88	0.00325	0.906404
1	2	DTIN	DTIN	90	0.00325	0.903394
1	2	DTIN	DTIN	92	0.00325	0.906091
1	2	DTIN	DTIN	94	0.00275	0.900485
1	2	DTIN	DTIN	96	0.00375	0.900709
1	2	DTIN	DTIN	98	0.00275	0.898148
1	2	DTIN	DTIN	100	0.00275	0.933504
1	2	DTIN	DTIN	102	0.00275	0.917553
1	2	DTIN	DTIN	104	0.00325	0.897311
1	2	DTIN	DTIN	106	0.00475	0.900804
1	2	DTIN	DTIN	108	0.00525	0.900966
1	2	DTIN	DTIN	110	0.00375	0.900709
1	2	DTIN	DTIN	112	0.00275	0.902256
1	2	DTIN	DTIN	114	0.00275	0.90099
1	2	DTIN	DTIN	116	0.00325	0.896635
1	2	DTIN	DTIN	118	0.00425	0.900256
1	2	DTIN	DTOUT	0	0.05025	0
1	2	DTIN	DTOUT	2	0.05025	0
1	2	DTIN	DTOUT	4	0.04775	0.923077
1	2	DTIN	DTOUT	6	0.04525	0.891892
1	2	DTIN	DTOUT	8	0.03625	0.90625
1	2	DTIN	DTOUT	10	0.02875	0.909091
1	2	DTIN	DTOUT	12	0.02425	0.914027
1	2	DTIN	DTOUT	14	0.02075	0.920502
1	2	DTIN	DTOUT	16	0.01825	0.900433
1	2	DTIN	DTOUT	18	0.01575	0.891892
1	2	DTIN	DTOUT	20	0.01475	0.918519
1	2	DTIN	DTOUT	22	0.01275	0.914384
1	2	DTIN	DTOUT	24	0.01225	0.926421
1	2	DTIN	DTOUT	26	0.01125	0.907063
1	2	DTIN	DTOUT	28	0.01025	0.910112
1	2	DTIN	DTOUT	30	0.00975	0.929878
1	2	DTIN	DTOUT	32	0.00925	0.937888
1	2	DTIN	DTOUT	34	0.00875	0.924837
1	2	DTIN	DTOUT	36	0.00875	0.912226
1	2	DTIN	DTOUT	38	0.00775	0.884013
1	2	DTIN	DTOUT	40	0.00725	0.883436
1	2	DTIN	DTOUT	42	0.00675	0.867508
1	2	DTIN	DTOUT	44	0.00675	0.913043
1	2	DTIN	DTOUT	46	0.00675	0.935154
1	2	DTIN	DTOUT	48	0.00625	0.919444
1	2	DTIN	DTOUT	50	0.00575	0.90604
1	2	DTIN	DTOUT	52	0.00575	0.890728
1	2	DTIN	DTOUT	54	0.00525	0.868056
1	2	DTIN	DTOUT	56	0.00525	0.899371
1	2	DTIN	DTOUT	58	0.00525	0.92953
1	2	DTIN	DTOUT	60	0.00525	0.936877
1	2	DTIN	DTOUT	62	0.00475	0.907348
1	2	DTIN	DTOUT	64	0.00475	0.928105
1	2	DTIN	DTOUT	66	0.00475	0.942598
1	2	DTIN	DTOUT	68	0.00425	0.895522
1	2	DTIN	DTOUT	70	0.00425	0.891803
1	2	DTIN	DTOUT	72	0.00425	0.903226
1	2	DTIN	DTOUT	74	0.00425	0.915584
1	2	DTIN	DTOUT	76	0.00425	0.92236
1	2	DTIN	DTOUT	78	0.00375	0.881988
1	2	DTIN	DTOUT	80	0.00425	0.911315
1	2	DTIN	DTOUT	82	0.00375	0.917492
1	2	DTIN	DTOUT	84	0.00375	0.935154
1	2	DTIN	DTOUT	86	0.00375	0.932515
1	2	DTIN	DTOUT	88	0.00375	0.929972
1	2	DTIN	DTOUT	90	0.00325	0.888545
1	2	DTIN	DTOUT	92	0.00325	0.908475
1	2	DTIN	DTOUT	94	0.00375	0.892405
1	2	DTIN	DTOUT	96	0.00475	0.900293
1	2	DTIN	DTOUT	98	0.00325	0.934132
1	2	DTIN	DTOUT	100	0.00325	0.924051
1	2	DTIN	DTOUT	102	0.00425	0.900875
1	2	DTIN	DTOUT	104	0.00275	0.877551
1	2	DTIN	DTOUT	106	0.00325	0.912913
1	2	DTIN	DTOUT	108	0.00325	0.918495
1	2	DTIN	DTOUT	110	0.00275	0.901695
1	2	DTIN	DTOUT	112	0.00275	0.896226
1	2	DTIN	DTOUT	114	0.00275	0.906977
1	2	DTIN	DTOUT	116	0.00275	0.912088
1	2	DTIN	DTOUT	118	0.00275	0.916667
1	2	DTOUT	DTCORR	0	0.05025	0
1	2	DTOUT	DTCORR	2	0.05025	0
1	2	DTOUT	DTCORR	4	0.04525	0.895981
1	2	DTOUT	DTCORR	6	0.03425	0.909091
1	2	DTOUT	DTCORR	8	0.02475	0.89899
1	2	DTOUT	DTCORR	10	0.01925	0.897671
1	2	DTOUT	DTCORR	12	0.01575	0.887556
1	2	DTOUT	DTCORR	14	0.01325	0.885569
1	2	DTOUT	DTCORR	16	0.01175	0.898836
1	2	DTOUT	DTCORR	18	0.01025	0.869376
1	2	DTOUT	DTCORR	20	0.00925	0.866373
1	2	DTOUT	DTCORR	22	0.00875	0.932534
1	2	DTOUT	DTCORR	24	0.00775	0.887446
1	2	DTOUT	DTCORR	26	0.00725	0.91061
1	2	DTOUT	DTCORR	28	0.00675	0.933001
1	2	DTOUT	DTCORR	30	0.00625	0.910314
1	2	DTOUT	DTCORR	32	0.00575	0.870357
1	2	DTOUT	DTCORR	34	0.00525	0.839855
1	2	DTOUT	DTCORR	36	0.00525	0.920916
1	2	DTOUT	DTCORR	38	0.00475	0.861887
1	2	DTOUT	DTCORR	40	0.00475	0.926662
1	2	DTOUT	DTCORR	42	0.00425	0.882173
1	2	DTOUT	DTCORR	44	0.00425	0.918168
1	2	DTOUT	DTCORR	46	0.00425	0.951324
1	2	DTOUT	DTCORR	48	0.00375	0.891831
1	2	DTOUT	DTCORR	50	0.00375	0.945387
1	2	DTOUT	DTCORR	52	0.00375	0.944781
1	2	DTOUT	DTCORR	54	0.00325	0.846553
1	2	DTOUT	DTCORR	56	0.00325	0.906386
1	2	DTOUT	DTCORR	58	0.00325	0.926996
1	2	DTOUT	DTCORR	60	0.00325	0.945481
1	2	DTOUT	DTCORR	62	0.00325	0.960426
1	2	DTOUT	DTCORR	64	0.00275	0.88511
1	2	DTOUT	DTCORR	66	0.00275	0.900442
1	2	DTOUT	DTCORR	68	0.00275	0.930775
1	2	DTOUT	DTCORR	70	0.00275	0.936589
1	2	DTOUT	DTCORR	72	0.00275	0.95122
1	2	DTOUT	DTCORR	74	0.00275	0.958793
1	2	DTOUT	DTCORR	76	0.00225	0.863368
1	2	DTOUT	DTCORR	78	0.00225	0.875373
1	2	DTOUT	DTCORR	80	0.00225	0.910828
1	2	DTOUT	DTCORR	82	0.00225	0.921991
1	2	DTOUT	DTCORR	84	0.00225	0.942943
1	2	DTOUT	DTCORR	86	0.00225	0.953271
1	2	DTOUT	DTCORR	88	0.00225	0.953542
1	2	DTOUT	DTCORR	90	0.00225	0.952923
1	2	DTOUT	DTCORR	92	0.00225	0.952768
1	2	DTOUT	DTCORR	94	0.00225	0.951506
1	2	DTOUT	DTCORR	96	0.00225	0.949275
1	2	DTOUT	DTCORR	98	0.00175	0.878995
1	2	DTOUT	DTCORR	100	0.00175	0.889837
1	2	DTOUT	DTCORR	102	0.00175	0.902004
1	2	DTOUT	DTCORR	104	0.00175	0.918352
1	2	DTOUT	DTCORR	106	0.00175	0.934354
1	2	DTOUT	DTCORR	108	0.00175	0.930394
1	2	DTOUT	DTCORR	110	0.00175	0.945573
1	2	DTOUT	DTCORR	112	0.00175	0.944647
1	2	DTOUT	DTCORR	114	0.00175	0.94031
1	2	DTOUT	DTCORR	116	0.00175	0.950181
1	2	DTOUT	DTCORR	118	0.00175	0.953846
1	2	DTOUT	DTIN	0	0.05025	0
1	2	DTOUT	DTIN	2	0.01675	1
1	2	DTOUT	DTIN	4	0.03875	0.909091
1	2	DTOUT	DTIN	6	0.02875	0.905882
1	2	DTOUT	DTIN	8	0.02075	0.924242
1	2	DTOUT	DTIN	10	0.01725	0.897638
1	2	DTOUT	DTIN	12	0.01375	0.89697
1	2	DTOUT	DTIN	14	0.01175	0.917722
1	2	DTOUT	DTIN	16	0.01025	0.917293
1	2	DTOUT	DTIN	18	0.00975	0.902985
1	2	DTOUT	DTIN	20	0.00825	0.877551
1	2	DTOUT	DTIN	22	0.00725	0.916129
1	2	DTOUT	DTIN	24	0.00675	0.880597
1	2	DTOUT	DTIN	26	0.00625	0.91195
1	2	DTOUT	DTIN	28	0.00575	0.94702
1	2	DTOUT	DTIN	30	0.00525	0.877419
1	2	DTOUT	DTIN	32	0.00525	0.916667
1	2	DTOUT	DTIN	34	0.00475	0.888199
1	2	DTOUT	DTIN	36	0.00475	0.917722
1	2	DTOUT	DTIN	38	0.00425	0.885906
1	2	DTOUT	DTIN	40	0.00425	0.921569
1	2	DTOUT	DTIN	42	0.00375	0.875817
1	2	DTOUT	DTIN	44	0.00375	0.907407
1	2	DTOUT	DTIN	46	0.00375	0.912791
1	2	DTOUT	DTIN	48	0.00375	0.91716
1	2	DTOUT	DTIN	50	0.00325	0.931973
1	2	DTOUT	DTIN	52	0.00325	0.923611
1	2	DTOUT	DTIN	54	0.00325	0.954839
1	2	DTOUT	DTIN	56	0.00275	0.884892
1	2	DTOUT	DTIN	58	0.00325	0.90604
1	2	DTOUT	DTIN	60	0.00275	0.899441
1	2	DTOUT	DTIN	62	0.00325	0.898204
1	2	DTOUT	DTIN	64	0.00325	0.903409
1	2	DTOUT	DTIN	66	0.00275	0.901408
1	2	DTOUT	DTIN	68	0.00275	0.918605
1	2	DTOUT	DTIN	70	0.00275	0.910256
1	2	DTOUT	DTIN	72	0.00225	0.890909
1	2	DTOUT	DTIN	74	0.00275	0.901408
1	2	DTOUT	DTIN	76	0.00275	0.901961
1	2	DTOUT	DTIN	78	0.00325	0.899408
1	2	DTOUT	DTIN	80	0.00225	0.903448
1	2	DTOUT	DTIN	82	0.00225	0.913907
1	2	DTOUT	DTIN	84	0.00225	0.900585
1	2	DTOUT	DTIN	86	0.00225	0.919463
1	2	DTOUT	DTIN	88	0.00175	0.875
1	2	DTOUT	DTIN	90	0.00225	0.901961
1	2	DTOUT	DTIN	92	0.00375	0.89881
1	2	DTOUT	DTIN	94	0.00175	0.904459
1	2	DTOUT	DTIN	96	0.00175	0.9
1	2	DTOUT	DTIN	98	0.00175	0.907609
1	2	DTOUT	DTIN	100	0.00175	0.906667
1	2	DTOUT	DTIN	102	0.00475	0.899441
1	2	DTOUT	DTIN	104	0.00425	0.894737
1	2	DTOUT	DTIN	106	0.00325	0.89697
1	2	DTOUT	DTIN	108	0.00175	0.937143
1	2	DTOUT	DTIN	110	0.00375	0.90184
1	2	DTOUT	DTIN	112	0.00225	0.89697
1	2	DTOUT	DTIN	114	0.00175	0.918239
1	2	DTOUT	DTIN	116	0.00225	0.896175
1	2	DTOUT	DTIN	118	0.00325	0.90184
1	2	DTOUT	DTOUT	0	0.05025	0
1	2	DTOUT	DTOUT	2	0.05025	0
1	2	DTOUT	DTOUT	4	0.04575	0.9
1	2	DTOUT	DTOUT	6	0.03725	0.903846
1	2	DTOUT	DTOUT	8	0.02675	0.895238
1	2	DTOUT	DTOUT	10	0.02175	0.901639
1	2	DTOUT	DTOUT	12	0.01825	0.901786
1	2	DTOUT	DTOUT	14	0.01475	0.891473
1	2	DTOUT	DTOUT	16	0.01325	0.884298
1	2	DTOUT	DTOUT	18	0.01175	0.903509
1	2	DTOUT	DTOUT	20	0.01025	0.877778
1	2	DTOUT	DTOUT	22	0.00975	0.927273
1	2	DTOUT	DTOUT	24	0.00925	0.911765
1	2	DTOUT	DTOUT	26	0.00825	0.897196
1	2	DTOUT	DTOUT	28	0.00775	0.919192
1	2	DTOUT	DTOUT	30	0.00725	0.95082
1	2	DTOUT	DTOUT	32	0.00675	0.864583
1	2	DTOUT	DTOUT	34	0.00625	0.897436
1	2	DTOUT	DTOUT	36	0.00625	0.901639
1	2	DTOUT	DTOUT	38	0.00575	0.87963
1	2	DTOUT	DTOUT	40	0.00575	0.932039
1	2	DTOUT	DTOUT	42	0.00525	0.910714
1	2	DTOUT	DTOUT	44	0.00475	0.903226
1	2	DTOUT	DTOUT	46	0.00525	0.918033
1	2	DTOUT	DTOUT	48	0.00475	0.907563
1	2	DTOUT	DTOUT	50	0.00425	0.862745
1	2	DTOUT	DTOUT	52	0.00425	0.939655
1	2	DTOUT	DTOUT	54	0.00425	0.9
1	2	DTOUT	DTOUT	56	0.00375	0.894309
1	2	DTOUT	DTOUT	58	0.00375	0.930233
1	2	DTOUT	DTOUT	60	0.00375	0.933333
1	2	DTOUT	DTOUT	62	0.00375	0.894309
1	2	DTOUT	DTOUT	64	0.00325	0.90625
1	2	DTOUT	DTOUT	66	0.00325	0.922414
1	2	DTOUT	DTOUT	68	0.00325	0.932773
1	2	DTOUT	DTOUT	70	0.00325	0.929204
1	2	DTOUT	DTOUT	72	0.00325	0.907801
1	2	DTOUT	DTOUT	74	0.00325	0.935484
1	2	DTOUT	DTOUT	76	0.00275	0.905512
1	2	DTOUT	DTOUT	78	0.00275	0.879121
1	2	DTOUT	DTOUT	80	0.00275	0.92126
1	2	DTOUT	DTOUT	82	0.00575	0.902985
1	2	DTOUT	DTOUT	84	0.00275	0.904
1	2	DTOUT	DTOUT	86	0.00275	0.913669
1	2	DTOUT	DTOUT	88	0.00475	0.89899
1	2	DTOUT	DTOUT	90	0.00325	0.902913
1	2	DTOUT	DTOUT	92	0.00275	0.931034
1	2	DTOUT	DTOUT	94	0.00225	0.90566
1	2	DTOUT	DTOUT	96	0.00225	0.916667
1	2	DTOUT	DTOUT	98	0.00225	0.9
1	2	DTOUT	DTOUT	100	0.00225	0.907143
1	2	DTOUT	DTOUT	102	0.00225	0.915385
1	2	DTOUT	DTOUT	104	0.00225	0.909091
1	2	DTOUT	DTOUT	106	0.00225	0.903226
1	2	DTOUT	DTOUT	108	0.00225	0.929134
1	2	DTOUT	DTOUT	110	0.00425	0.898305
1	2	DTOUT	DTOUT	112	0.00225	0.915888
1	2	DTOUT	DTOUT	114	0.00225	0.908397
1	2	DTOUT	DTOUT	116	0.00225	0.915966
1	2	DTOUT	DTOUT	118	0.00175	0.908397
